20131002;100003;26661.000000000;1
20131002;100003;26661.000000000;1
20131002;100003;26660.000000000;1
20131002;100003;26660.000000000;2
20131002;100003;26660.000000000;1
20131002;100003;26651.000000000;2
20131002;100003;26650.000000000;2
20131002;100004;26650.000000000;1
20131002;100004;26651.000000000;1
20131002;100004;26665.000000000;1
20131002;100004;26650.000000000;2
20131002;100004;26652.000000000;2
20131002;100004;26665.000000000;1
20131002;100005;26657.000000000;1
20131002;100005;26701.000000000;2
20131002;100005;26662.000000000;1
20131002;100005;26672.000000000;2
20131002;100006;26680.000000000;2
20131002;100008;26660.000000000;1
20131002;100012;26700.000000000;2
20131002;100013;26701.000000000;1
20131002;100013;26709.000000000;1
20131002;100013;26710.000000000;1
20131002;100013;26710.000000000;3
20131002;100013;26727.000000000;2
20131002;100013;26727.000000000;1
20131002;100013;26693.000000000;2
20131002;100013;26693.000000000;2
20131002;100013;26664.000000000;2
20131002;100013;26664.000000000;2
20131002;100013;26684.000000000;2
20131002;100013;26685.000000000;2
20131002;100014;26683.000000000;2
20131002;100014;26711.000000000;3
20131002;100014;26711.000000000;1
20131002;100014;26712.000000000;1
20131002;100014;26716.000000000;2
20131002;100014;26716.000000000;3
20131002;100017;26688.000000000;2
20131002;100017;26689.000000000;2
20131002;100020;26704.000000000;1
20131002;100023;26695.000000000;1
20131002;100024;26680.000000000;1
20131002;100025;26693.000000000;3
20131002;100029;26678.000000000;1
20131002;100031;26682.000000000;1
20131002;100033;26688.000000000;1
20131002;100033;26688.000000000;1
20131002;100033;26695.000000000;2
20131002;100033;26688.000000000;2
20131002;100033;26694.000000000;2
20131002;100033;26696.000000000;2
20131002;100033;26698.000000000;2
20131002;100033;26705.000000000;2
20131002;100033;26708.000000000;2
20131002;100033;26695.000000000;2
20131002;100033;26720.000000000;1
20131002;100033;26720.000000000;1
20131002;100033;26720.000000000;1
20131002;100033;26722.000000000;2
20131002;100034;26722.000000000;1
20131002;100034;26721.000000000;1
20131002;100034;26722.000000000;2
20131002;100034;26722.000000000;1
20131002;100035;26722.000000000;1
20131002;100035;26722.000000000;3
20131002;100036;26676.000000000;2
20131002;100037;26676.000000000;2
20131002;100037;26675.000000000;1
20131002;100037;26675.000000000;1
20131002;100037;26670.000000000;1
20131002;100037;26658.000000000;1
20131002;100038;26689.000000000;2
20131002;100038;26689.000000000;2
20131002;100038;26706.000000000;1
20131002;100038;26682.000000000;4
20131002;100038;26681.000000000;1
20131002;100038;26681.000000000;1
20131002;100038;26681.000000000;3
20131002;100040;26699.000000000;4
20131002;100044;26684.000000000;2
20131002;100044;26678.000000000;4
20131002;100045;26665.000000000;2
20131002;100054;26685.000000000;3
20131002;100054;26684.000000000;1
20131002;100057;26669.000000000;4
20131002;100057;26668.000000000;2
20131002;100057;26672.000000000;2
20131002;100057;26677.000000000;2
20131002;100057;26677.000000000;2
20131002;100058;26672.000000000;1
20131002;100103;26667.000000000;2
20131002;100119;26667.000000000;4
20131002;100119;26667.000000000;2
20131002;100119;26667.000000000;1
20131002;100119;26666.000000000;1
20131002;100119;26668.000000000;2
20131002;100119;26668.000000000;2
20131002;100120;26684.000000000;2
20131002;100121;26671.000000000;2
20131002;100128;26675.000000000;2
20131002;100132;26665.000000000;2
20131002;100132;26661.000000000;2
20131002;100132;26661.000000000;1
20131002;100132;26651.000000000;1
20131002;100132;26650.000000000;10
20131002;100132;26650.000000000;1
20131002;100132;26650.000000000;1
20131002;100135;26650.000000000;1
20131002;100135;26646.000000000;1
20131002;100135;26645.000000000;2
20131002;100136;26650.000000000;1
20131002;100138;26650.000000000;1
20131002;100138;26648.000000000;2
20131002;100138;26648.000000000;1
20131002;100138;26648.000000000;2
20131002;100139;26650.000000000;1
20131002;100139;26645.000000000;3
20131002;100139;26645.000000000;7
20131002;100140;26645.000000000;1
20131002;100140;26645.000000000;12
20131002;100140;26645.000000000;4
20131002;100140;26645.000000000;1
20131002;100140;26645.000000000;2
20131002;100140;26645.000000000;1
20131002;100140;26645.000000000;4
20131002;100140;26645.000000000;6
20131002;100140;26645.000000000;1
20131002;100140;26645.000000000;3
20131002;100155;26646.000000000;4
20131002;100204;26645.000000000;1
20131002;100204;26645.000000000;2
20131002;100209;26645.000000000;4
20131002;100213;26645.000000000;2
20131002;100213;26645.000000000;11
20131002;100213;26645.000000000;4
20131002;100213;26645.000000000;2
20131002;100213;26645.000000000;2
20131002;100213;26645.000000000;4
20131002;100213;26645.000000000;12
20131002;100213;26645.000000000;6
20131002;100213;26630.000000000;1
20131002;100213;26630.000000000;1
20131002;100213;26623.000000000;1
20131002;100213;26620.000000000;1
20131002;100213;26620.000000000;5
20131002;100213;26620.000000000;1
20131002;100221;26641.000000000;4
20131002;100221;26642.000000000;5
20131002;100222;26641.000000000;1
20131002;100233;26654.000000000;3
20131002;100234;26625.000000000;1
20131002;100241;26630.000000000;1
20131002;100245;26642.000000000;1
20131002;100249;26636.000000000;1
20131002;100249;26637.000000000;3
20131002;100250;26637.000000000;2
20131002;100258;26636.000000000;2
20131002;100258;26635.000000000;1
20131002;100258;26613.000000000;4
20131002;100258;26612.000000000;2
20131002;100258;26622.000000000;3
20131002;100258;26612.000000000;6
20131002;100258;26647.000000000;1
20131002;100259;26618.000000000;1
20131002;100259;26615.000000000;1
20131002;100259;26616.000000000;1
20131002;100300;26610.000000000;1
20131002;100300;26610.000000000;1
20131002;100300;26608.000000000;1
20131002;100300;26605.000000000;1
20131002;100300;26600.000000000;1
20131002;100300;26601.000000000;3
20131002;100300;26601.000000000;1
20131002;100300;26601.000000000;1
20131002;100303;26618.000000000;2
20131002;100303;26625.000000000;1
20131002;100303;26621.000000000;1
20131002;100305;26627.000000000;1
20131002;100305;26612.000000000;1
20131002;100307;26622.000000000;2
20131002;100307;26622.000000000;4
20131002;100330;26640.000000000;1
20131002;100358;26622.000000000;1
20131002;100358;26620.000000000;3
20131002;100359;26606.000000000;2
20131002;100404;26608.000000000;1
20131002;100423;26630.000000000;4
20131002;100436;26640.000000000;2
20131002;100436;26641.000000000;1
20131002;100457;26639.000000000;1
20131002;100500;26639.000000000;1
20131002;100503;26637.000000000;1
20131002;100508;26631.000000000;1
20131002;100511;26635.000000000;1
20131002;100511;26638.000000000;1
20131002;100513;26632.000000000;1
20131002;100517;26632.000000000;1
20131002;100521;26641.000000000;1
20131002;100523;26649.000000000;1
20131002;100528;26656.000000000;1
20131002;100531;26655.000000000;1
20131002;100533;26655.000000000;1
20131002;100540;26645.000000000;1
20131002;100540;26652.000000000;1
20131002;100540;26643.000000000;1
20131002;100543;26643.000000000;1
20131002;100546;26643.000000000;2
20131002;100546;26643.000000000;1
20131002;100546;26643.000000000;4
20131002;100546;26643.000000000;3
20131002;100554;26645.000000000;1
20131002;100557;26645.000000000;1
20131002;100600;26646.000000000;1
20131002;100700;26645.000000000;4
20131002;100705;26638.000000000;2
20131002;100709;26630.000000000;4
20131002;100718;26639.000000000;1
20131002;100718;26635.000000000;3
20131002;100718;26635.000000000;3
20131002;100733;26638.000000000;2
20131002;100739;26630.000000000;1
20131002;100742;26622.000000000;1
20131002;100743;26630.000000000;11
20131002;100748;26630.000000000;14
20131002;100751;26620.000000000;3
20131002;100800;26629.000000000;3
20131002;100803;26619.000000000;2
20131002;100804;26612.000000000;4
20131002;100804;26611.000000000;3
20131002;100804;26608.000000000;1
20131002;100805;26621.000000000;4
20131002;100805;26630.000000000;17
20131002;100816;26617.000000000;2
20131002;100817;26620.000000000;2
20131002;100817;26614.000000000;2
20131002;100817;26628.000000000;4
20131002;100842;26616.000000000;4
20131002;100904;26631.000000000;2
20131002;100924;26615.000000000;2
20131002;100924;26615.000000000;2
20131002;100930;26618.000000000;2
20131002;100932;26618.000000000;6
20131002;100932;26614.000000000;2
20131002;100933;26620.000000000;2
20131002;101001;26641.000000000;2
20131002;101001;26639.000000000;2
20131002;101001;26639.000000000;1
20131002;101013;26637.000000000;2
20131002;101015;26637.000000000;1
20131002;101016;26621.000000000;2
20131002;101023;26632.000000000;1
20131002;101028;26633.000000000;1
20131002;101032;26623.000000000;4
20131002;101032;26621.000000000;1
20131002;101034;26631.000000000;1
20131002;101041;26631.000000000;1
20131002;101047;26632.000000000;1
20131002;101052;26632.000000000;1
20131002;101059;26633.000000000;1
20131002;101104;26638.000000000;1
20131002;101110;26639.000000000;1
20131002;101116;26636.000000000;1
20131002;101122;26637.000000000;1
20131002;101128;26637.000000000;1
20131002;101129;26637.000000000;2
20131002;101134;26640.000000000;1
20131002;101140;26639.000000000;1
20131002;101147;26642.000000000;1
20131002;101152;26649.000000000;1
20131002;101159;26649.000000000;1
20131002;101214;26649.000000000;30
20131002;101254;26648.000000000;1
20131002;101300;26631.000000000;1
20131002;101330;26634.000000000;2
20131002;101344;26647.000000000;2
20131002;101344;26648.000000000;1
20131002;101357;26638.000000000;1
20131002;101510;26646.000000000;2
20131002;101537;26633.000000000;2
20131002;101544;26629.000000000;1
20131002;101547;26638.000000000;2
20131002;101559;26649.000000000;1
20131002;101615;26650.000000000;1
20131002;101615;26651.000000000;2
20131002;101624;26655.000000000;2
20131002;101842;26650.000000000;4
20131002;101853;26640.000000000;1
20131002;101857;26649.000000000;2
20131002;101857;26650.000000000;2
20131002;101907;26642.000000000;2
20131002;101921;26649.000000000;2
20131002;101939;26649.000000000;1
20131002;101939;26650.000000000;29
20131002;101939;26650.000000000;1
20131002;101939;26650.000000000;34
20131002;101939;26650.000000000;4
20131002;101939;26650.000000000;1
20131002;101941;26650.000000000;25
20131002;101941;26658.000000000;1
20131002;101944;26660.000000000;1
20131002;101948;26654.000000000;1
20131002;102017;26653.000000000;1
20131002;102017;26652.000000000;1
20131002;102017;26652.000000000;2
20131002;102017;26653.000000000;1
20131002;102017;26651.000000000;1
20131002;102017;26647.000000000;2
20131002;102018;26647.000000000;2
20131002;102024;26655.000000000;4
20131002;102028;26655.000000000;4
20131002;102033;26647.000000000;2
20131002;102042;26651.000000000;2
20131002;102042;26651.000000000;13
20131002;102047;26660.000000000;2
20131002;102103;26651.000000000;2
20131002;102103;26650.000000000;1
20131002;102115;26650.000000000;2
20131002;102129;26662.000000000;1
20131002;102129;26663.000000000;2
20131002;102204;26671.000000000;2
20131002;102204;26677.000000000;2
20131002;102215;26665.000000000;2
20131002;102303;26674.000000000;2
20131002;102303;26675.000000000;11
20131002;102311;26675.000000000;1
20131002;102321;26675.000000000;3
20131002;102321;26677.000000000;7
20131002;102349;26677.000000000;3
20131002;102414;26680.000000000;1
20131002;102414;26690.000000000;1
20131002;102414;26692.000000000;13
20131002;102613;26692.000000000;2
20131002;102642;26690.000000000;1
20131002;102730;26676.000000000;4
20131002;102730;26675.000000000;3
20131002;102730;26673.000000000;10
20131002;102730;26673.000000000;1
20131002;102846;26681.000000000;1
20131002;102851;26673.000000000;1
20131002;102945;26673.000000000;3
20131002;103002;26657.000000000;1
20131002;103002;26656.000000000;2
20131002;103002;26655.000000000;1
20131002;103002;26655.000000000;5
20131002;103002;26652.000000000;40
20131002;103002;26648.000000000;50
20131002;103002;26647.000000000;50
20131002;103002;26645.000000000;2
20131002;103002;26644.000000000;31
20131002;103104;26656.000000000;2
20131002;103111;26666.000000000;3
20131002;103118;26666.000000000;1
20131002;103143;26668.000000000;3
20131002;103143;26669.000000000;2
20131002;103143;26670.000000000;1
20131002;103158;26656.000000000;1
20131002;103159;26653.000000000;1
20131002;103204;26651.000000000;2
20131002;103228;26655.000000000;2
20131002;103252;26658.000000000;1
20131002;103346;26659.000000000;3
20131002;103346;26647.000000000;10
20131002;103346;26647.000000000;2
20131002;103346;26647.000000000;38
20131002;103346;26639.000000000;10
20131002;103346;26639.000000000;5
20131002;103346;26639.000000000;15
20131002;103346;26638.000000000;2
20131002;103346;26630.000000000;1
20131002;103346;26635.000000000;3
20131002;103346;26636.000000000;2
20131002;103346;26639.000000000;2
20131002;103346;26639.000000000;8
20131002;103346;26647.000000000;3
20131002;103346;26647.000000000;4
20131002;103346;26629.000000000;4
20131002;103346;26629.000000000;3
20131002;103346;26641.000000000;4
20131002;103346;26645.000000000;4
20131002;103346;26621.000000000;1
20131002;103346;26620.000000000;1
20131002;103347;26623.000000000;1
20131002;103347;26623.000000000;2
20131002;103347;26624.000000000;2
20131002;103347;26620.000000000;2
20131002;103347;26622.000000000;1
20131002;103347;26614.000000000;1
20131002;103347;26622.000000000;1
20131002;103347;26622.000000000;1
20131002;103347;26622.000000000;2
20131002;103348;26614.000000000;1
20131002;103349;26612.000000000;1
20131002;103349;26611.000000000;4
20131002;103438;26628.000000000;3
20131002;103456;26633.000000000;1
20131002;103456;26634.000000000;4
20131002;103456;26635.000000000;1
20131002;103650;26632.000000000;2
20131002;103753;26623.000000000;4
20131002;103753;26622.000000000;2
20131002;103753;26620.000000000;2
20131002;103753;26618.000000000;2
20131002;103753;26616.000000000;20
20131002;103833;26624.000000000;2
20131002;103833;26624.000000000;2
20131002;103906;26624.000000000;1
20131002;104019;26629.000000000;1
20131002;104037;26626.000000000;4
20131002;104037;26627.000000000;8
20131002;104112;26633.000000000;3
20131002;104228;26630.000000000;20
20131002;104454;26621.000000000;1
20131002;104454;26620.000000000;1
20131002;104455;26616.000000000;4
20131002;104455;26614.000000000;1
20131002;104455;26614.000000000;3
20131002;104455;26614.000000000;4
20131002;104455;26614.000000000;2
20131002;104455;26610.000000000;1
20131002;104455;26607.000000000;1
20131002;104456;26606.000000000;2
20131002;104456;26600.000000000;1
20131002;104456;26601.000000000;1
20131002;104457;26605.000000000;1
20131002;104457;26605.000000000;3
20131002;104457;26605.000000000;1
20131002;104457;26605.000000000;3
20131002;104457;26605.000000000;1
20131002;104457;26603.000000000;3
20131002;104457;26605.000000000;11
20131002;104458;26603.000000000;1
20131002;104458;26602.000000000;3
20131002;104458;26602.000000000;1
20131002;104458;26602.000000000;2
20131002;104458;26602.000000000;2
20131002;104458;26602.000000000;4
20131002;104459;26601.000000000;1
20131002;104500;26601.000000000;1
20131002;104500;26600.000000000;1
20131002;104500;26600.000000000;1
20131002;104501;26600.000000000;1
20131002;104501;26600.000000000;2
20131002;104505;26604.000000000;2
20131002;104513;26609.000000000;1
20131002;104513;26609.000000000;1
20131002;104514;26602.000000000;1
20131002;104514;26600.000000000;3
20131002;104515;26600.000000000;1
20131002;104515;26600.000000000;6
20131002;104515;26600.000000000;1
20131002;104515;26600.000000000;2
20131002;104516;26600.000000000;4
20131002;104516;26600.000000000;1
20131002;104516;26592.000000000;1
20131002;104516;26592.000000000;2
20131002;104516;26593.000000000;3
20131002;104516;26592.000000000;4
20131002;104520;26599.000000000;2
20131002;104523;26594.000000000;2
20131002;104523;26594.000000000;2
20131002;104534;26592.000000000;3
20131002;104534;26592.000000000;6
20131002;104534;26592.000000000;2
20131002;104534;26590.000000000;1
20131002;104534;26590.000000000;1
20131002;104534;26590.000000000;2
20131002;104534;26590.000000000;3
20131002;104534;26583.000000000;1
20131002;104534;26589.000000000;1
20131002;104534;26586.000000000;1
20131002;104534;26587.000000000;3
20131002;104534;26586.000000000;1
20131002;104535;26587.000000000;4
20131002;104536;26586.000000000;4
20131002;104536;26586.000000000;2
20131002;104536;26589.000000000;2
20131002;104536;26587.000000000;2
20131002;104536;26586.000000000;2
20131002;104537;26586.000000000;1
20131002;104537;26582.000000000;1
20131002;104537;26582.000000000;3
20131002;104537;26582.000000000;1
20131002;104537;26582.000000000;4
20131002;104537;26582.000000000;4
20131002;104537;26582.000000000;3
20131002;104537;26580.000000000;1
20131002;104537;26580.000000000;1
20131002;104537;26578.000000000;3
20131002;104537;26578.000000000;2
20131002;104539;26578.000000000;4
20131002;104555;26570.000000000;1
20131002;104555;26570.000000000;1
20131002;104601;26562.000000000;1
20131002;104601;26562.000000000;3
20131002;104602;26569.000000000;1
20131002;104602;26570.000000000;2
20131002;104602;26574.000000000;4
20131002;104602;26576.000000000;17
20131002;104602;26576.000000000;20
20131002;104602;26576.000000000;3
20131002;104602;26578.000000000;4
20131002;104602;26572.000000000;2
20131002;104602;26565.000000000;4
20131002;104602;26583.000000000;2
20131002;104602;26583.000000000;1
20131002;104602;26595.000000000;2
20131002;104602;26599.000000000;1
20131002;104602;26600.000000000;4
20131002;104602;26600.000000000;1
20131002;104603;26600.000000000;2
20131002;104603;26602.000000000;3
20131002;104603;26603.000000000;1
20131002;104603;26587.000000000;2
20131002;104603;26588.000000000;1
20131002;104603;26590.000000000;2
20131002;104606;26585.000000000;1
20131002;104609;26578.000000000;1
20131002;104609;26579.000000000;2
20131002;104609;26576.000000000;1
20131002;104610;26598.000000000;1
20131002;104611;26576.000000000;1
20131002;104611;26575.000000000;1
20131002;104611;26569.000000000;2
20131002;104611;26566.000000000;2
20131002;104611;26568.000000000;1
20131002;104611;26568.000000000;1
20131002;104612;26568.000000000;2
20131002;104612;26562.000000000;1
20131002;104612;26566.000000000;1
20131002;104702;26591.000000000;4
20131002;104709;26595.000000000;1
20131002;104709;26595.000000000;3
20131002;104712;26595.000000000;3
20131002;104712;26595.000000000;5
20131002;104712;26595.000000000;6
20131002;104712;26595.000000000;3
20131002;104712;26595.000000000;1
20131002;104712;26595.000000000;20
20131002;104713;26595.000000000;8
20131002;104713;26595.000000000;2
20131002;104713;26595.000000000;3
20131002;104713;26595.000000000;2
20131002;104713;26595.000000000;1
20131002;104713;26595.000000000;3
20131002;104713;26595.000000000;7
20131002;104752;26609.000000000;2
20131002;104752;26603.000000000;1
20131002;104831;26600.000000000;1
20131002;104837;26607.000000000;1
20131002;104930;26610.000000000;2
20131002;104931;26610.000000000;2
20131002;104931;26606.000000000;1
20131002;105100;26600.000000000;2
20131002;105425;26600.000000000;3
20131002;105456;26600.000000000;2
20131002;105456;26605.000000000;1
20131002;105456;26610.000000000;3
20131002;105703;26612.000000000;7
20131002;105841;26617.000000000;3
20131002;105844;26620.000000000;1
20131002;105844;26620.000000000;8
20131002;105844;26623.000000000;6
20131002;105933;26621.000000000;1
20131002;105933;26621.000000000;3
20131002;105933;26620.000000000;3
20131002;105933;26620.000000000;7
20131002;110003;26611.000000000;1
20131002;110003;26612.000000000;4
20131002;110003;26613.000000000;1
20131002;110005;26602.000000000;1
20131002;110005;26602.000000000;1
20131002;110005;26602.000000000;1
20131002;110008;26610.000000000;2
20131002;110008;26611.000000000;2
20131002;110009;26614.000000000;1
20131002;110015;26602.000000000;4
20131002;110053;26606.000000000;1
20131002;110055;26606.000000000;1
20131002;110148;26596.000000000;2
20131002;110149;26595.000000000;1
20131002;110150;26593.000000000;6
20131002;110151;26593.000000000;4
20131002;110204;26588.000000000;2
20131002;110209;26588.000000000;3
20131002;110313;26590.000000000;1
20131002;110313;26584.000000000;2
20131002;110316;26583.000000000;2
20131002;110347;26590.000000000;2
20131002;110425;26578.000000000;4
20131002;110431;26578.000000000;4
20131002;110432;26576.000000000;4
20131002;110434;26580.000000000;2
20131002;110445;26576.000000000;2
20131002;110447;26576.000000000;4
20131002;110447;26576.000000000;3
20131002;110447;26570.000000000;1
20131002;110448;26568.000000000;4
20131002;110448;26565.000000000;1
20131002;110448;26565.000000000;2
20131002;110448;26565.000000000;1
20131002;110449;26561.000000000;2
20131002;110449;26566.000000000;2
20131002;110449;26565.000000000;1
20131002;110449;26561.000000000;3
20131002;110449;26562.000000000;1
20131002;110449;26562.000000000;3
20131002;110449;26563.000000000;4
20131002;110449;26565.000000000;4
20131002;110449;26562.000000000;1
20131002;110449;26563.000000000;3
20131002;110450;26560.000000000;1
20131002;110450;26563.000000000;3
20131002;110450;26563.000000000;1
20131002;110450;26564.000000000;1
20131002;110450;26564.000000000;1
20131002;110450;26564.000000000;3
20131002;110450;26564.000000000;2
20131002;110450;26564.000000000;2
20131002;110450;26564.000000000;3
20131002;110512;26564.000000000;1
20131002;110514;26563.000000000;2
20131002;110514;26562.000000000;2
20131002;110514;26561.000000000;2
20131002;110514;26561.000000000;2
20131002;110519;26560.000000000;1
20131002;110519;26560.000000000;6
20131002;110520;26559.000000000;3
20131002;110520;26559.000000000;1
20131002;110521;26560.000000000;1
20131002;110521;26560.000000000;1
20131002;110521;26558.000000000;2
20131002;110523;26559.000000000;4
20131002;110526;26556.000000000;1
20131002;110526;26555.000000000;1
20131002;110526;26554.000000000;1
20131002;110526;26554.000000000;1
20131002;110526;26554.000000000;3
20131002;110526;26554.000000000;1
20131002;110527;26554.000000000;1
20131002;110527;26554.000000000;1
20131002;110528;26554.000000000;2
20131002;110529;26554.000000000;3
20131002;110530;26554.000000000;2
20131002;110530;26554.000000000;1
20131002;110530;26552.000000000;1
20131002;110530;26554.000000000;1
20131002;110530;26554.000000000;1
20131002;110530;26554.000000000;2
20131002;110530;26554.000000000;1
20131002;110530;26554.000000000;1
20131002;110535;26554.000000000;1
20131002;110535;26565.000000000;2
20131002;110537;26567.000000000;4
20131002;110538;26572.000000000;1
20131002;110538;26572.000000000;1
20131002;110539;26576.000000000;4
20131002;110552;26567.000000000;1
20131002;110601;26585.000000000;1
20131002;110601;26586.000000000;2
20131002;110601;26586.000000000;2
20131002;110606;26577.000000000;1
20131002;110622;26577.000000000;1
20131002;110635;26579.000000000;1
20131002;110647;26576.000000000;1
20131002;110658;26590.000000000;1
20131002;110701;26577.000000000;1
20131002;110857;26577.000000000;2
20131002;110858;26576.000000000;5
20131002;111030;26580.000000000;2
20131002;111040;26579.000000000;2
20131002;111040;26581.000000000;2
20131002;111040;26579.000000000;2
20131002;111047;26588.000000000;2
20131002;111102;26578.000000000;1
20131002;111116;26593.000000000;1
20131002;111116;26594.000000000;1
20131002;111118;26595.000000000;2
20131002;111138;26585.000000000;1
20131002;111224;26598.000000000;1
20131002;111224;26599.000000000;3
20131002;111224;26602.000000000;2
20131002;111224;26601.000000000;2
20131002;111224;26592.000000000;2
20131002;111305;26598.000000000;2
20131002;111353;26584.000000000;1
20131002;111359;26584.000000000;1
20131002;111410;26588.000000000;1
20131002;111446;26581.000000000;2
20131002;111446;26582.000000000;2
20131002;111446;26580.000000000;2
20131002;111511;26584.000000000;4
20131002;111521;26576.000000000;5
20131002;111526;26569.000000000;2
20131002;111529;26561.000000000;4
20131002;111529;26560.000000000;1
20131002;111529;26560.000000000;2
20131002;111529;26554.000000000;1
20131002;111531;26560.000000000;2
20131002;111531;26554.000000000;6
20131002;111536;26559.000000000;2
20131002;111552;26572.000000000;1
20131002;111552;26572.000000000;1
20131002;111553;26572.000000000;1
20131002;111553;26572.000000000;1
20131002;111553;26572.000000000;1
20131002;111559;26574.000000000;2
20131002;111600;26574.000000000;2
20131002;111602;26574.000000000;2
20131002;111602;26574.000000000;3
20131002;111608;26575.000000000;1
20131002;111608;26576.000000000;2
20131002;111608;26576.000000000;1
20131002;111608;26576.000000000;3
20131002;111613;26577.000000000;1
20131002;111618;26572.000000000;2
20131002;111620;26573.000000000;2
20131002;111620;26573.000000000;1
20131002;111624;26575.000000000;1
20131002;111649;26574.000000000;5
20131002;111650;26559.000000000;4
20131002;111650;26556.000000000;2
20131002;111650;26556.000000000;1
20131002;111650;26554.000000000;3
20131002;111650;26551.000000000;1
20131002;111650;26551.000000000;3
20131002;111650;26550.000000000;1
20131002;111650;26550.000000000;1
20131002;111650;26547.000000000;1
20131002;111650;26547.000000000;2
20131002;111651;26552.000000000;1
20131002;111652;26549.000000000;2
20131002;111652;26548.000000000;4
20131002;111652;26552.000000000;1
20131002;111653;26547.000000000;2
20131002;111653;26551.000000000;1
20131002;111654;26551.000000000;1
20131002;111654;26551.000000000;1
20131002;111656;26544.000000000;3
20131002;111656;26543.000000000;3
20131002;111656;26543.000000000;3
20131002;111656;26543.000000000;1
20131002;111657;26543.000000000;1
20131002;111702;26550.000000000;3
20131002;111704;26546.000000000;1
20131002;111704;26546.000000000;1
20131002;111704;26546.000000000;1
20131002;111707;26550.000000000;1
20131002;111707;26551.000000000;2
20131002;111717;26552.000000000;2
20131002;111717;26552.000000000;2
20131002;111727;26541.000000000;4
20131002;111727;26552.000000000;2
20131002;111733;26562.000000000;1
20131002;111734;26565.000000000;1
20131002;111750;26559.000000000;1
20131002;111804;26556.000000000;1
20131002;111811;26554.000000000;3
20131002;111811;26554.000000000;3
20131002;111813;26550.000000000;5
20131002;111813;26550.000000000;1
20131002;111826;26546.000000000;1
20131002;111826;26545.000000000;2
20131002;111832;26540.000000000;1
20131002;111912;26541.000000000;2
20131002;111912;26540.000000000;2
20131002;111912;26540.000000000;2
20131002;112003;26541.000000000;2
20131002;112003;26540.000000000;3
20131002;112003;26540.000000000;2
20131002;112003;26540.000000000;2
20131002;112003;26540.000000000;16
20131002;112036;26542.000000000;3
20131002;112103;26542.000000000;1
20131002;112109;26552.000000000;3
20131002;112147;26565.000000000;1
20131002;112148;26576.000000000;2
20131002;112152;26576.000000000;2
20131002;112153;26578.000000000;2
20131002;112153;26578.000000000;1
20131002;112153;26578.000000000;2
20131002;112153;26578.000000000;1
20131002;112153;26578.000000000;2
20131002;112153;26578.000000000;1
20131002;112201;26578.000000000;2
20131002;112201;26582.000000000;1
20131002;112201;26582.000000000;2
20131002;112201;26586.000000000;1
20131002;112209;26584.000000000;3
20131002;112209;26585.000000000;2
20131002;112209;26587.000000000;3
20131002;112209;26587.000000000;3
20131002;112209;26588.000000000;3
20131002;112214;26588.000000000;2
20131002;112244;26588.000000000;2
20131002;112244;26589.000000000;2
20131002;112442;26577.000000000;1
20131002;112446;26577.000000000;3
20131002;112446;26576.000000000;1
20131002;112447;26576.000000000;9
20131002;112447;26575.000000000;1
20131002;112454;26575.000000000;2
20131002;112454;26575.000000000;2
20131002;112454;26575.000000000;2
20131002;112456;26575.000000000;4
20131002;112502;26565.000000000;4
20131002;112502;26560.000000000;3
20131002;112502;26566.000000000;3
20131002;112503;26556.000000000;1
20131002;112517;26555.000000000;1
20131002;112520;26551.000000000;2
20131002;112520;26550.000000000;5
20131002;112529;26550.000000000;5
20131002;112549;26550.000000000;15
20131002;112614;26565.000000000;4
20131002;112616;26583.000000000;1
20131002;112616;26583.000000000;1
20131002;112616;26583.000000000;1
20131002;112616;26582.000000000;1
20131002;112628;26574.000000000;1
20131002;112628;26573.000000000;5
20131002;112638;26569.000000000;2
20131002;112655;26563.000000000;2
20131002;112656;26559.000000000;1
20131002;112656;26558.000000000;1
20131002;112657;26554.000000000;3
20131002;112732;26553.000000000;2
20131002;112732;26552.000000000;2
20131002;112732;26550.000000000;2
20131002;112810;26550.000000000;4
20131002;112810;26550.000000000;2
20131002;112810;26550.000000000;3
20131002;112810;26550.000000000;7
20131002;112810;26550.000000000;2
20131002;112810;26550.000000000;1
20131002;112810;26550.000000000;3
20131002;112810;26550.000000000;1
20131002;112810;26546.000000000;1
20131002;112810;26545.000000000;1
20131002;112810;26541.000000000;1
20131002;112812;26539.000000000;1
20131002;112812;26539.000000000;3
20131002;112812;26538.000000000;2
20131002;112819;26544.000000000;2
20131002;112819;26544.000000000;2
20131002;112819;26540.000000000;2
20131002;112820;26544.000000000;2
20131002;112820;26544.000000000;1
20131002;112820;26536.000000000;4
20131002;112820;26535.000000000;1
20131002;112820;26535.000000000;3
20131002;112820;26532.000000000;1
20131002;112820;26530.000000000;1
20131002;112820;26530.000000000;1
20131002;112820;26530.000000000;1
20131002;112820;26534.000000000;1
20131002;112820;26534.000000000;3
20131002;112820;26534.000000000;3
20131002;112820;26534.000000000;1
20131002;112821;26533.000000000;1
20131002;112821;26533.000000000;3
20131002;112822;26533.000000000;2
20131002;112822;26538.000000000;1
20131002;112822;26539.000000000;1
20131002;112822;26539.000000000;2
20131002;112822;26535.000000000;2
20131002;112822;26533.000000000;6
20131002;112822;26530.000000000;1
20131002;112822;26530.000000000;3
20131002;112822;26530.000000000;2
20131002;112822;26537.000000000;4
20131002;112822;26530.000000000;1
20131002;112822;26531.000000000;3
20131002;112822;26537.000000000;2
20131002;112822;26537.000000000;3
20131002;112822;26536.000000000;2
20131002;112823;26535.000000000;2
20131002;112823;26536.000000000;2
20131002;112823;26537.000000000;2
20131002;112823;26537.000000000;2
20131002;112823;26531.000000000;2
20131002;112823;26531.000000000;2
20131002;112826;26530.000000000;2
20131002;112826;26530.000000000;2
20131002;112826;26535.000000000;2
20131002;112826;26535.000000000;2
20131002;112830;26530.000000000;1
20131002;112837;26531.000000000;3
20131002;112839;26534.000000000;4
20131002;112908;26534.000000000;1
20131002;112937;26539.000000000;2
20131002;112937;26539.000000000;2
20131002;112957;26544.000000000;4
20131002;113002;26545.000000000;1
20131002;113320;26551.000000000;1
20131002;113334;26550.000000000;1
20131002;113334;26549.000000000;2
20131002;113455;26549.000000000;3
20131002;113524;26540.000000000;3
20131002;113524;26540.000000000;1
20131002;113611;26534.000000000;1
20131002;113612;26534.000000000;1
20131002;113613;26533.000000000;2
20131002;113613;26533.000000000;2
20131002;113613;26533.000000000;3
20131002;113622;26530.000000000;7
20131002;113632;26520.000000000;1
20131002;113632;26520.000000000;1
20131002;113632;26520.000000000;1
20131002;113632;26520.000000000;2
20131002;113632;26520.000000000;7
20131002;113644;26524.000000000;2
20131002;113710;26529.000000000;2
20131002;113714;26530.000000000;4
20131002;113714;26530.000000000;4
20131002;113735;26530.000000000;1
20131002;113748;26526.000000000;2
20131002;113748;26520.000000000;3
20131002;113748;26519.000000000;2
20131002;113749;26513.000000000;1
20131002;113749;26512.000000000;1
20131002;113749;26511.000000000;1
20131002;113749;26510.000000000;1
20131002;113749;26510.000000000;1
20131002;113749;26510.000000000;1
20131002;113749;26510.000000000;1
20131002;113749;26510.000000000;1
20131002;113749;26517.000000000;1
20131002;113751;26505.000000000;1
20131002;113759;26502.000000000;1
20131002;113759;26502.000000000;1
20131002;113759;26502.000000000;1
20131002;113759;26501.000000000;1
20131002;113759;26501.000000000;1
20131002;113759;26501.000000000;20
20131002;113759;26501.000000000;1
20131002;113759;26500.000000000;1
20131002;113759;26500.000000000;1
20131002;113759;26500.000000000;10
20131002;113759;26500.000000000;37
20131002;113759;26509.000000000;1
20131002;113759;26501.000000000;1
20131002;113759;26500.000000000;3
20131002;113803;26500.000000000;10
20131002;113804;26497.000000000;1
20131002;113805;26502.000000000;1
20131002;113806;26491.000000000;1
20131002;113807;26495.000000000;1
20131002;113811;26491.000000000;1
20131002;113811;26491.000000000;2
20131002;113811;26490.000000000;1
20131002;113811;26490.000000000;1
20131002;113811;26485.000000000;3
20131002;113819;26505.000000000;1
20131002;113819;26505.000000000;1
20131002;113819;26505.000000000;1
20131002;113842;26498.000000000;1
20131002;113843;26504.000000000;2
20131002;113845;26508.000000000;1
20131002;113845;26509.000000000;2
20131002;113845;26509.000000000;2
20131002;113845;26509.000000000;2
20131002;114005;26519.000000000;2
20131002;114005;26520.000000000;12
20131002;114005;26523.000000000;24
20131002;114046;26534.000000000;1
20131002;114140;26521.000000000;1
20131002;114144;26521.000000000;1
20131002;114147;26517.000000000;1
20131002;114151;26520.000000000;1
20131002;114155;26519.000000000;1
20131002;114158;26519.000000000;1
20131002;114207;26518.000000000;1
20131002;114214;26518.000000000;1
20131002;114304;26535.000000000;4
20131002;114304;26536.000000000;2
20131002;114305;26521.000000000;1
20131002;114341;26536.000000000;1
20131002;114341;26537.000000000;2
20131002;114355;26530.000000000;2
20131002;114503;26526.000000000;4
20131002;114503;26525.000000000;18
20131002;114503;26536.000000000;1
20131002;114508;26527.000000000;1
20131002;114519;26521.000000000;1
20131002;114519;26520.000000000;2
20131002;114536;26529.000000000;4
20131002;114536;26530.000000000;2
20131002;114536;26532.000000000;1
20131002;114549;26519.000000000;1
20131002;114610;26518.000000000;1
20131002;114624;26516.000000000;1
20131002;114724;26530.000000000;1
20131002;114737;26531.000000000;3
20131002;114739;26519.000000000;1
20131002;114739;26518.000000000;1
20131002;114813;26533.000000000;1
20131002;114813;26540.000000000;1
20131002;114838;26541.000000000;1
20131002;114838;26542.000000000;3
20131002;114838;26542.000000000;3
20131002;114838;26542.000000000;3
20131002;114839;26546.000000000;1
20131002;114840;26550.000000000;1
20131002;114841;26557.000000000;2
20131002;114859;26552.000000000;4
20131002;114859;26551.000000000;6
20131002;114901;26558.000000000;2
20131002;114901;26560.000000000;1
20131002;114908;26563.000000000;4
20131002;114909;26564.000000000;3
20131002;114909;26566.000000000;2
20131002;114909;26566.000000000;1
20131002;114909;26569.000000000;1
20131002;114909;26578.000000000;3
20131002;114909;26579.000000000;1
20131002;114910;26567.000000000;2
20131002;114910;26566.000000000;4
20131002;114910;26565.000000000;36
20131002;114910;26566.000000000;1
20131002;114912;26576.000000000;4
20131002;114912;26577.000000000;2
20131002;114912;26579.000000000;2
20131002;114912;26580.000000000;1
20131002;114912;26580.000000000;1
20131002;114913;26580.000000000;1
20131002;114913;26583.000000000;1
20131002;114913;26583.000000000;1
20131002;114914;26579.000000000;1
20131002;114915;26579.000000000;1
20131002;114916;26580.000000000;1
20131002;114928;26581.000000000;1
20131002;114928;26580.000000000;5
20131002;114928;26577.000000000;4
20131002;114935;26576.000000000;3
20131002;114935;26573.000000000;2
20131002;114936;26573.000000000;4
20131002;114936;26574.000000000;1
20131002;114939;26574.000000000;1
20131002;114942;26565.000000000;2
20131002;114942;26566.000000000;1
20131002;114942;26566.000000000;1
20131002;114943;26579.000000000;1
20131002;114943;26565.000000000;10
20131002;115004;26582.000000000;4
20131002;115004;26583.000000000;2
20131002;115014;26583.000000000;2
20131002;115014;26583.000000000;2
20131002;115014;26586.000000000;6
20131002;115014;26588.000000000;2
20131002;115014;26590.000000000;1
20131002;115014;26591.000000000;1
20131002;115014;26591.000000000;2
20131002;115014;26591.000000000;2
20131002;115014;26584.000000000;2
20131002;115014;26585.000000000;2
20131002;115014;26589.000000000;2
20131002;115014;26589.000000000;2
20131002;115014;26589.000000000;2
20131002;115040;26572.000000000;2
20131002;115057;26572.000000000;2
20131002;115325;26558.000000000;1
20131002;115403;26574.000000000;1
20131002;115403;26574.000000000;4
20131002;115419;26575.000000000;2
20131002;115419;26574.000000000;1
20131002;115541;26576.000000000;4
20131002;115541;26577.000000000;2
20131002;115831;26571.000000000;10
20131002;115911;26563.000000000;1
20131002;115933;26574.000000000;1
20131002;115933;26575.000000000;2
20131002;120020;26579.000000000;2
20131002;120021;26581.000000000;1
20131002;120021;26582.000000000;1
20131002;120021;26582.000000000;4
20131002;120028;26564.000000000;1
20131002;120031;26564.000000000;1
20131002;120031;26564.000000000;2
20131002;120039;26571.000000000;2
20131002;120039;26572.000000000;1
20131002;120039;26581.000000000;1
20131002;120040;26566.000000000;3
20131002;120040;26579.000000000;1
20131002;120041;26580.000000000;2
20131002;120149;26561.000000000;4
20131002;120204;26551.000000000;2
20131002;120255;26569.000000000;4
20131002;120255;26570.000000000;50
20131002;120256;26568.000000000;4
20131002;120256;26567.000000000;1
20131002;120315;26572.000000000;1
20131002;120315;26572.000000000;2
20131002;120315;26572.000000000;2
20131002;120334;26577.000000000;1
20131002;120401;26587.000000000;1
20131002;120403;26587.000000000;1
20131002;120427;26588.000000000;1
20131002;120427;26589.000000000;1
20131002;120545;26574.000000000;2
20131002;120716;26576.000000000;3
20131002;120819;26565.000000000;3
20131002;120943;26566.000000000;1
20131002;120943;26566.000000000;1
20131002;120943;26566.000000000;1
20131002;121132;26569.000000000;4
20131002;121245;26569.000000000;4
20131002;121314;26569.000000000;2
20131002;121320;26558.000000000;4
20131002;121320;26557.000000000;1
20131002;121320;26555.000000000;2
20131002;121320;26553.000000000;2
20131002;121320;26550.000000000;23
20131002;121321;26544.000000000;4
20131002;121321;26539.000000000;2
20131002;121321;26538.000000000;1
20131002;121321;26539.000000000;2
20131002;121321;26544.000000000;2
20131002;121321;26544.000000000;2
20131002;121321;26548.000000000;1
20131002;121321;26538.000000000;2
20131002;121321;26544.000000000;4
20131002;121321;26547.000000000;1
20131002;121321;26537.000000000;1
20131002;121321;26531.000000000;1
20131002;121321;26537.000000000;1
20131002;121321;26531.000000000;1
20131002;121322;26539.000000000;2
20131002;121322;26539.000000000;1
20131002;121322;26540.000000000;1
20131002;121322;26540.000000000;1
20131002;121322;26542.000000000;1
20131002;121322;26542.000000000;1
20131002;121322;26546.000000000;1
20131002;121322;26539.000000000;1
20131002;121335;26532.000000000;2
20131002;121339;26531.000000000;1
20131002;121339;26531.000000000;2
20131002;121341;26533.000000000;2
20131002;121356;26544.000000000;3
20131002;121356;26545.000000000;3
20131002;121357;26543.000000000;13
20131002;121357;26543.000000000;7
20131002;121357;26546.000000000;2
20131002;121438;26538.000000000;2
20131002;121438;26538.000000000;2
20131002;121445;26537.000000000;2
20131002;121446;26540.000000000;1
20131002;121452;26541.000000000;3
20131002;121452;26542.000000000;4
20131002;121454;26541.000000000;1
20131002;121501;26541.000000000;4
20131002;121509;26534.000000000;2
20131002;121509;26534.000000000;2
20131002;121509;26534.000000000;2
20131002;121516;26537.000000000;1
20131002;121526;26530.000000000;1
20131002;121526;26523.000000000;2
20131002;121526;26523.000000000;2
20131002;121539;26520.000000000;1
20131002;121540;26523.000000000;2
20131002;121540;26523.000000000;2
20131002;121540;26523.000000000;2
20131002;121541;26523.000000000;2
20131002;121542;26517.000000000;1
20131002;121600;26521.000000000;1
20131002;121637;26518.000000000;1
20131002;121642;26521.000000000;4
20131002;121642;26522.000000000;1
20131002;121739;26519.000000000;2
20131002;121757;26514.000000000;1
20131002;121834;26515.000000000;1
20131002;121843;26513.000000000;3
20131002;121844;26513.000000000;1
20131002;121844;26512.000000000;3
20131002;121844;26510.000000000;1
20131002;121844;26509.000000000;2
20131002;121844;26509.000000000;1
20131002;121844;26509.000000000;1
20131002;121844;26510.000000000;4
20131002;121844;26513.000000000;1
20131002;121844;26508.000000000;2
20131002;121844;26508.000000000;2
20131002;121844;26508.000000000;2
20131002;121844;26508.000000000;2
20131002;121844;26505.000000000;1
20131002;121844;26504.000000000;2
20131002;121844;26504.000000000;2
20131002;121844;26501.000000000;5
20131002;121844;26500.000000000;1
20131002;121930;26500.000000000;9
20131002;121930;26500.000000000;1
20131002;122143;26507.000000000;2
20131002;122146;26499.000000000;2
20131002;122146;26498.000000000;3
20131002;122147;26500.000000000;1
20131002;122156;26491.000000000;1
20131002;122235;26500.000000000;1
20131002;122342;26501.000000000;1
20131002;122352;26497.000000000;1
20131002;122352;26496.000000000;2
20131002;122352;26495.000000000;1
20131002;122359;26490.000000000;1
20131002;122359;26490.000000000;1
20131002;122400;26481.000000000;1
20131002;122400;26480.000000000;1
20131002;122400;26480.000000000;1
20131002;122400;26480.000000000;3
20131002;122400;26480.000000000;1
20131002;122400;26480.000000000;15
20131002;122400;26475.000000000;2
20131002;122400;26481.000000000;1
20131002;122401;26471.000000000;1
20131002;122401;26470.000000000;1
20131002;122401;26470.000000000;1
20131002;122401;26470.000000000;1
20131002;122401;26469.000000000;3
20131002;122401;26469.000000000;1
20131002;122401;26469.000000000;1
20131002;122402;26465.000000000;1
20131002;122402;26465.000000000;3
20131002;122402;26469.000000000;1
20131002;122403;26465.000000000;2
20131002;122403;26465.000000000;2
20131002;122403;26464.000000000;1
20131002;122403;26464.000000000;1
20131002;122405;26469.000000000;1
20131002;122411;26466.000000000;1
20131002;122418;26478.000000000;2
20131002;122422;26478.000000000;2
20131002;122422;26479.000000000;9
20131002;122423;26485.000000000;1
20131002;122423;26485.000000000;1
20131002;122423;26485.000000000;1
20131002;122443;26481.000000000;1
20131002;122443;26481.000000000;2
20131002;122443;26481.000000000;2
20131002;122446;26485.000000000;1
20131002;122446;26485.000000000;4
20131002;122553;26480.000000000;1
20131002;122557;26480.000000000;1
20131002;122601;26482.000000000;1
20131002;122604;26482.000000000;1
20131002;122612;26477.000000000;1
20131002;122615;26486.000000000;1
20131002;122619;26486.000000000;1
20131002;122622;26487.000000000;1
20131002;122630;26480.000000000;1
20131002;122633;26487.000000000;1
20131002;122634;26496.000000000;2
20131002;122634;26496.000000000;1
20131002;122637;26488.000000000;1
20131002;122640;26488.000000000;1
20131002;122644;26489.000000000;1
20131002;122648;26489.000000000;1
20131002;122651;26490.000000000;1
20131002;122656;26491.000000000;1
20131002;122720;26495.000000000;5
20131002;122935;26483.000000000;1
20131002;122936;26479.000000000;4
20131002;122940;26483.000000000;1
20131002;123000;26475.000000000;5
20131002;123007;26461.000000000;1
20131002;123007;26461.000000000;1
20131002;123007;26461.000000000;1
20131002;123007;26460.000000000;1
20131002;123007;26460.000000000;2
20131002;123007;26460.000000000;1
20131002;123010;26451.000000000;1
20131002;123010;26450.000000000;1
20131002;123010;26450.000000000;1
20131002;123010;26450.000000000;4
20131002;123010;26458.000000000;2
20131002;123010;26451.000000000;2
20131002;123010;26457.000000000;2
20131002;123011;26450.000000000;4
20131002;123011;26450.000000000;1
20131002;123011;26450.000000000;1
20131002;123012;26450.000000000;9
20131002;123012;26450.000000000;1
20131002;123016;26450.000000000;20
20131002;123019;26450.000000000;10
20131002;123046;26448.000000000;1
20131002;123106;26465.000000000;4
20131002;123106;26467.000000000;1
20131002;123107;26467.000000000;1
20131002;123117;26454.000000000;1
20131002;123118;26454.000000000;3
20131002;123118;26453.000000000;1
20131002;123122;26450.000000000;1
20131002;123122;26450.000000000;12
20131002;123122;26448.000000000;1
20131002;123124;26445.000000000;2
20131002;123129;26457.000000000;4
20131002;123129;26458.000000000;2
20131002;123129;26460.000000000;5
20131002;123129;26465.000000000;5
20131002;123129;26465.000000000;11
20131002;123129;26468.000000000;45
20131002;123129;26471.000000000;1
20131002;123129;26472.000000000;50
20131002;123129;26474.000000000;3
20131002;123129;26481.000000000;50
20131002;123129;26484.000000000;2
20131002;123129;26495.000000000;27
20131002;123129;26496.000000000;50
20131002;123129;26490.000000000;2
20131002;123129;26500.000000000;1
20131002;123129;26500.000000000;5
20131002;123129;26478.000000000;45
20131002;123129;26471.000000000;4
20131002;123129;26464.000000000;2
20131002;123129;26464.000000000;4
20131002;123129;26464.000000000;2
20131002;123129;26464.000000000;45
20131002;123129;26464.000000000;48
20131002;123129;26490.000000000;1
20131002;123129;26470.000000000;5
20131002;123129;26490.000000000;1
20131002;123129;26499.000000000;4
20131002;123129;26500.000000000;24
20131002;123129;26500.000000000;8
20131002;123129;26500.000000000;2
20131002;123129;26490.000000000;2
20131002;123129;26500.000000000;3
20131002;123129;26500.000000000;4
20131002;123129;26500.000000000;4
20131002;123129;26500.000000000;1
20131002;123129;26500.000000000;18
20131002;123129;26500.000000000;7
20131002;123129;26473.000000000;3
20131002;123129;26500.000000000;16
20131002;123129;26497.000000000;2
20131002;123129;26500.000000000;9
20131002;123129;26473.000000000;1
20131002;123129;26460.000000000;7
20131002;123129;26470.000000000;2
20131002;123129;26470.000000000;3
20131002;123129;26505.000000000;2
20131002;123129;26500.000000000;3
20131002;123129;26500.000000000;1
20131002;123129;26470.000000000;4
20131002;123129;26499.000000000;1
20131002;123129;26503.000000000;2
20131002;123129;26514.000000000;4
20131002;123129;26515.000000000;1
20131002;123129;26492.000000000;1
20131002;123129;26515.000000000;2
20131002;123129;26515.000000000;9
20131002;123129;26515.000000000;2
20131002;123129;26515.000000000;2
20131002;123129;26515.000000000;2
20131002;123129;26515.000000000;13
20131002;123129;26515.000000000;2
20131002;123129;26515.000000000;2
20131002;123129;26515.000000000;50
20131002;123129;26515.000000000;1
20131002;123129;26511.000000000;3
20131002;123129;26515.000000000;12
20131002;123129;26515.000000000;1
20131002;123129;26520.000000000;1
20131002;123129;26520.000000000;1
20131002;123129;26528.000000000;1
20131002;123129;26540.000000000;1
20131002;123129;26515.000000000;1
20131002;123129;26506.000000000;4
20131002;123129;26505.000000000;2
20131002;123129;26488.000000000;2
20131002;123129;26487.000000000;1
20131002;123129;26477.000000000;1
20131002;123130;26515.000000000;1
20131002;123130;26515.000000000;1
20131002;123130;26478.000000000;1
20131002;123130;26512.000000000;3
20131002;123130;26511.000000000;1
20131002;123130;26513.000000000;2
20131002;123130;26520.000000000;2
20131002;123130;26529.000000000;1
20131002;123130;26529.000000000;1
20131002;123130;26503.000000000;3
20131002;123130;26510.000000000;3
20131002;123130;26510.000000000;1
20131002;123130;26520.000000000;4
20131002;123130;26521.000000000;1
20131002;123130;26515.000000000;1
20131002;123130;26521.000000000;2
20131002;123130;26516.000000000;1
20131002;123130;26516.000000000;2
20131002;123131;26516.000000000;1
20131002;123132;26516.000000000;1
20131002;123132;26520.000000000;3
20131002;123133;26496.000000000;2
20131002;123134;26491.000000000;1
20131002;123134;26490.000000000;1
20131002;123134;26490.000000000;11
20131002;123134;26490.000000000;1
20131002;123138;26505.000000000;2
20131002;123138;26501.000000000;4
20131002;123138;26501.000000000;19
20131002;123139;26501.000000000;60
20131002;123139;26501.000000000;2
20131002;123139;26501.000000000;3
20131002;123139;26491.000000000;2
20131002;123139;26491.000000000;18
20131002;123139;26491.000000000;12
20131002;123139;26480.000000000;18
20131002;123139;26480.000000000;4
20131002;123139;26480.000000000;3
20131002;123139;26480.000000000;2
20131002;123140;26501.000000000;4
20131002;123141;26493.000000000;4
20131002;123141;26492.000000000;5
20131002;123141;26491.000000000;50
20131002;123141;26490.000000000;1
20131002;123148;26495.000000000;4
20131002;123148;26496.000000000;2
20131002;123148;26498.000000000;1
20131002;123149;26491.000000000;4
20131002;123149;26490.000000000;1
20131002;123149;26506.000000000;2
20131002;123149;26505.000000000;1
20131002;123149;26505.000000000;1
20131002;123149;26507.000000000;1
20131002;123149;26502.000000000;1
20131002;123149;26502.000000000;3
20131002;123149;26501.000000000;3
20131002;123149;26501.000000000;36
20131002;123149;26501.000000000;3
20131002;123149;26501.000000000;4
20131002;123149;26494.000000000;2
20131002;123153;26497.000000000;4
20131002;123153;26498.000000000;23
20131002;123215;26487.000000000;1
20131002;123221;26492.000000000;3
20131002;123223;26489.000000000;1
20131002;123226;26479.000000000;1
20131002;123234;26476.000000000;5
20131002;123234;26476.000000000;1
20131002;123234;26470.000000000;1
20131002;123247;26465.000000000;1
20131002;123247;26463.000000000;1
20131002;123247;26473.000000000;1
20131002;123248;26460.000000000;4
20131002;123251;26466.000000000;1
20131002;123252;26458.000000000;1
20131002;123332;26459.000000000;1
20131002;123335;26457.000000000;1
20131002;123336;26457.000000000;1
20131002;123338;26468.000000000;3
20131002;123402;26460.000000000;3
20131002;123405;26468.000000000;4
20131002;123405;26469.000000000;8
20131002;123407;26469.000000000;1
20131002;123409;26468.000000000;1
20131002;123413;26468.000000000;3
20131002;123420;26469.000000000;3
20131002;123429;26465.000000000;1
20131002;123449;26469.000000000;3
20131002;123454;26472.000000000;1
20131002;123519;26466.000000000;4
20131002;123519;26465.000000000;2
20131002;123519;26465.000000000;2
20131002;123519;26463.000000000;1
20131002;123519;26463.000000000;3
20131002;123519;26462.000000000;3
20131002;123519;26461.000000000;2
20131002;123519;26461.000000000;2
20131002;123522;26475.000000000;1
20131002;123529;26478.000000000;2
20131002;123613;26476.000000000;4
20131002;123613;26476.000000000;1
20131002;123644;26478.000000000;1
20131002;123812;26498.000000000;2
20131002;123813;26488.000000000;1
20131002;123819;26488.000000000;1
20131002;123827;26497.000000000;3
20131002;123829;26498.000000000;2
20131002;123850;26500.000000000;1
20131002;123856;26498.000000000;1
20131002;123856;26500.000000000;13
20131002;123913;26503.000000000;6
20131002;123922;26505.000000000;1
20131002;124005;26497.000000000;3
20131002;124005;26497.000000000;4
20131002;124013;26490.000000000;1
20131002;124107;26497.000000000;3
20131002;124242;26495.000000000;5
20131002;124413;26499.000000000;3
20131002;124417;26499.000000000;1
20131002;124430;26499.000000000;4
20131002;124430;26500.000000000;3
20131002;124459;26499.000000000;1
20131002;124516;26490.000000000;1
20131002;124516;26490.000000000;2
20131002;124516;26489.000000000;1
20131002;124516;26489.000000000;1
20131002;124715;26499.000000000;1
20131002;124720;26500.000000000;3
20131002;124726;26500.000000000;1
20131002;124727;26500.000000000;2
20131002;124727;26500.000000000;1
20131002;124727;26500.000000000;1
20131002;125008;26499.000000000;1
20131002;125148;26500.000000000;2
20131002;125326;26490.000000000;1
20131002;125326;26489.000000000;2
20131002;125326;26490.000000000;2
20131002;125326;26488.000000000;2
20131002;125415;26491.000000000;4
20131002;125415;26491.000000000;1
20131002;125511;26492.000000000;1
20131002;125517;26485.000000000;4
20131002;125608;26495.000000000;1
20131002;125610;26495.000000000;1
20131002;125611;26495.000000000;1
20131002;125628;26495.000000000;1
20131002;125628;26496.000000000;5
20131002;125630;26491.000000000;2
20131002;125630;26491.000000000;2
20131002;125651;26490.000000000;1
20131002;125653;26490.000000000;1
20131002;125703;26497.000000000;4
20131002;125805;26495.000000000;1
20131002;125826;26493.000000000;2
20131002;125826;26493.000000000;2
20131002;125826;26493.000000000;1
20131002;125931;26499.000000000;1
20131002;130029;26499.000000000;3
20131002;130029;26500.000000000;3
20131002;130035;26491.000000000;4
20131002;130041;26495.000000000;1
20131002;130049;26489.000000000;2
20131002;130049;26488.000000000;1
20131002;130049;26488.000000000;1
20131002;130049;26485.000000000;1
20131002;130049;26485.000000000;4
20131002;130049;26486.000000000;1
20131002;130049;26489.000000000;1
20131002;130049;26489.000000000;1
20131002;130049;26485.000000000;3
20131002;130049;26485.000000000;1
20131002;130050;26485.000000000;3
20131002;130050;26485.000000000;1
20131002;130050;26485.000000000;2
20131002;130050;26485.000000000;3
20131002;130050;26485.000000000;6
20131002;130050;26485.000000000;3
20131002;130050;26485.000000000;3
20131002;130053;26485.000000000;1
20131002;130053;26485.000000000;1
20131002;130113;26485.000000000;2
20131002;130113;26485.000000000;2
20131002;130113;26485.000000000;2
20131002;130113;26485.000000000;2
20131002;130113;26485.000000000;5
20131002;130135;26494.000000000;3
20131002;130204;26486.000000000;2
20131002;130214;26491.000000000;1
20131002;130223;26486.000000000;1
20131002;130249;26485.000000000;2
20131002;130249;26485.000000000;1
20131002;130312;26488.000000000;1
20131002;130317;26485.000000000;1
20131002;130317;26484.000000000;1
20131002;130317;26484.000000000;2
20131002;130317;26484.000000000;2
20131002;130317;26484.000000000;7
20131002;130317;26484.000000000;1
20131002;130317;26479.000000000;1
20131002;130332;26484.000000000;3
20131002;130332;26484.000000000;7
20131002;130332;26484.000000000;2
20131002;130333;26484.000000000;1
20131002;130334;26484.000000000;6
20131002;130334;26482.000000000;5
20131002;130336;26484.000000000;2
20131002;130336;26484.000000000;2
20131002;130342;26484.000000000;1
20131002;130353;26484.000000000;5
20131002;130354;26484.000000000;1
20131002;130508;26490.000000000;4
20131002;130508;26491.000000000;2
20131002;130509;26493.000000000;5
20131002;130509;26493.000000000;2
20131002;130513;26492.000000000;2
20131002;130538;26486.000000000;3
20131002;130538;26486.000000000;1
20131002;130553;26478.000000000;2
20131002;130553;26478.000000000;2
20131002;130553;26478.000000000;2
20131002;130603;26487.000000000;4
20131002;130625;26487.000000000;2
20131002;130625;26487.000000000;2
20131002;130625;26487.000000000;2
20131002;130625;26487.000000000;1
20131002;130625;26481.000000000;1
20131002;130630;26488.000000000;3
20131002;130630;26488.000000000;4
20131002;130630;26488.000000000;1
20131002;130632;26491.000000000;3
20131002;130632;26493.000000000;1
20131002;130632;26493.000000000;5
20131002;130632;26493.000000000;1
20131002;130632;26493.000000000;1
20131002;130637;26494.000000000;1
20131002;130640;26497.000000000;3
20131002;130641;26498.000000000;5
20131002;130704;26485.000000000;1
20131002;130759;26497.000000000;2
20131002;130759;26499.000000000;2
20131002;130759;26499.000000000;3
20131002;130857;26490.000000000;1
20131002;130916;26488.000000000;4
20131002;131149;26500.000000000;2
20131002;131222;26513.000000000;1
20131002;131222;26515.000000000;1
20131002;131222;26518.000000000;3
20131002;131222;26519.000000000;15
20131002;131222;26520.000000000;1
20131002;131222;26526.000000000;2
20131002;131227;26530.000000000;4
20131002;131227;26530.000000000;1
20131002;131229;26534.000000000;4
20131002;131229;26534.000000000;3
20131002;131229;26538.000000000;1
20131002;131229;26540.000000000;1
20131002;131229;26545.000000000;1
20131002;131230;26531.000000000;1
20131002;131232;26531.000000000;1
20131002;131310;26520.000000000;2
20131002;131311;26513.000000000;1
20131002;131355;26522.000000000;1
20131002;131421;26519.000000000;4
20131002;131421;26529.000000000;4
20131002;131421;26528.000000000;2
20131002;131421;26530.000000000;1
20131002;131421;26530.000000000;1
20131002;131421;26530.000000000;2
20131002;131421;26530.000000000;4
20131002;131421;26530.000000000;3
20131002;131421;26534.000000000;2
20131002;131421;26529.000000000;4
20131002;131422;26531.000000000;2
20131002;131449;26537.000000000;4
20131002;131449;26536.000000000;1
20131002;131457;26536.000000000;1
20131002;131501;26522.000000000;1
20131002;131649;26534.000000000;1
20131002;131730;26534.000000000;4
20131002;131805;26525.000000000;2
20131002;131805;26525.000000000;1
20131002;131805;26522.000000000;2
20131002;131805;26521.000000000;2
20131002;131920;26543.000000000;4
20131002;132034;26545.000000000;1
20131002;132301;26526.000000000;1
20131002;132327;26526.000000000;2
20131002;132328;26526.000000000;1
20131002;132404;26527.000000000;2
20131002;132429;26524.000000000;2
20131002;132837;26521.000000000;2
20131002;132845;26520.000000000;2
20131002;133006;26515.000000000;1
20131002;133247;26511.000000000;2
20131002;133339;26522.000000000;1
20131002;133340;26514.000000000;2
20131002;133340;26514.000000000;3
20131002;133340;26514.000000000;3
20131002;133340;26513.000000000;9
20131002;133414;26523.000000000;4
20131002;133435;26528.000000000;1
20131002;133445;26521.000000000;1
20131002;134410;26521.000000000;2
20131002;134410;26521.000000000;2
20131002;134410;26521.000000000;2
20131002;134417;26520.000000000;2
20131002;134634;26517.000000000;1
20131002;134634;26523.000000000;1
20131002;134657;26523.000000000;2
20131002;134657;26523.000000000;2
20131002;134657;26523.000000000;2
20131002;134701;26524.000000000;2
20131002;134702;26524.000000000;2
20131002;134702;26527.000000000;2
20131002;134702;26525.000000000;2
20131002;134705;26527.000000000;1
20131002;135252;26511.000000000;2
20131002;135446;26505.000000000;1
20131002;135446;26505.000000000;1
20131002;135446;26501.000000000;1
20131002;135446;26500.000000000;1
20131002;135448;26495.000000000;4
20131002;135448;26493.000000000;2
20131002;135448;26496.000000000;2
20131002;135448;26492.000000000;7
20131002;135448;26495.000000000;2
20131002;135448;26492.000000000;2
20131002;135448;26498.000000000;2
20131002;135452;26496.000000000;2
20131002;135453;26496.000000000;2
20131002;135555;26493.000000000;2
20131002;135555;26493.000000000;4
20131002;135555;26492.000000000;40
20131002;135555;26490.000000000;1
20131002;135555;26490.000000000;1
20131002;135555;26490.000000000;3
20131002;135555;26490.000000000;9
20131002;135608;26491.000000000;1
20131002;135609;26500.000000000;4
20131002;135609;26501.000000000;1
20131002;135739;26497.000000000;5
20131002;135800;26513.000000000;1
20131002;140300;26539.000000000;2
20131002;140300;26540.000000000;1
20131002;140300;26521.000000000;1
20131002;140301;26549.000000000;9
20131002;140302;26525.000000000;4
20131002;140302;26524.000000000;8
20131002;140336;26524.000000000;3
20131002;140423;26541.000000000;1
20131002;140557;26539.000000000;1
20131002;140807;26533.000000000;2
20131002;140816;26527.000000000;2
20131002;141428;26505.000000000;1
20131002;141428;26505.000000000;3
20131002;142958;26505.000000000;4
20131002;143200;26511.000000000;2
20131002;143200;26511.000000000;2
20131002;143532;26510.000000000;1
20131002;143532;26492.000000000;4
20131002;143543;26492.000000000;2
20131002;143543;26490.000000000;1
20131002;143543;26482.000000000;1
20131002;143547;26481.000000000;1
20131002;143554;26481.000000000;1
20131002;143555;26479.000000000;1
20131002;143556;26480.000000000;1
20131002;143613;26503.000000000;1
20131002;143627;26482.000000000;1
20131002;143628;26482.000000000;1
20131002;143629;26480.000000000;1
20131002;143630;26480.000000000;1
20131002;143632;26480.000000000;1
20131002;143633;26480.000000000;1
20131002;143634;26480.000000000;1
20131002;143636;26481.000000000;1
20131002;143638;26481.000000000;1
20131002;143639;26481.000000000;1
20131002;143639;26481.000000000;1
20131002;143641;26481.000000000;1
20131002;143643;26481.000000000;1
20131002;143644;26480.000000000;1
20131002;143645;26480.000000000;1
20131002;143646;26480.000000000;1
20131002;143647;26480.000000000;1
20131002;143649;26480.000000000;1
20131002;143650;26480.000000000;1
20131002;143651;26480.000000000;1
20131002;143652;26480.000000000;1
20131002;143905;26479.000000000;2
20131002;143905;26478.000000000;1
20131002;143905;26476.000000000;1
20131002;143907;26475.000000000;1
20131002;143907;26475.000000000;3
20131002;143919;26474.000000000;4
20131002;143919;26474.000000000;1
20131002;143919;26473.000000000;3
20131002;143919;26473.000000000;3
20131002;143919;26472.000000000;1
20131002;143920;26471.000000000;1
20131002;143920;26471.000000000;2
20131002;143920;26470.000000000;1
20131002;143920;26470.000000000;1
20131002;143920;26470.000000000;2
20131002;143920;26470.000000000;1
20131002;143927;26470.000000000;1
20131002;143927;26470.000000000;1
20131002;143927;26470.000000000;2
20131002;143927;26470.000000000;6
20131002;143927;26470.000000000;1
20131002;143927;26470.000000000;3
20131002;143927;26470.000000000;9
20131002;143927;26470.000000000;3
20131002;143927;26470.000000000;15
20131002;143927;26470.000000000;4
20131002;143927;26470.000000000;1
20131002;143927;26470.000000000;1
20131002;143927;26470.000000000;1
20131002;143928;26461.000000000;6
20131002;143928;26461.000000000;3
20131002;143928;26461.000000000;1
20131002;143928;26461.000000000;2
20131002;143929;26457.000000000;2
20131002;143929;26456.000000000;1
20131002;143929;26455.000000000;1
20131002;143929;26455.000000000;1
20131002;143930;26450.000000000;1
20131002;143930;26450.000000000;1
20131002;143941;26450.000000000;2
20131002;143953;26450.000000000;2
20131002;143953;26450.000000000;1
20131002;143958;26450.000000000;2
20131002;143958;26445.000000000;1
20131002;143958;26441.000000000;1
20131002;143958;26441.000000000;1
20131002;143958;26440.000000000;1
20131002;143958;26439.000000000;1
20131002;143958;26439.000000000;1
20131002;143959;26438.000000000;1
20131002;144000;26438.000000000;3
20131002;144000;26436.000000000;1
20131002;144001;26436.000000000;1
20131002;144002;26437.000000000;3
20131002;144002;26435.000000000;4
20131002;144027;26446.000000000;2
20131002;144041;26436.000000000;1
20131002;144041;26436.000000000;3
20131002;144042;26436.000000000;3
20131002;144042;26436.000000000;2
20131002;144050;26444.000000000;1
20131002;144113;26436.000000000;4
20131002;144115;26436.000000000;2
20131002;144115;26434.000000000;2
20131002;144116;26433.000000000;1
20131002;144117;26433.000000000;3
20131002;144118;26433.000000000;1
20131002;144118;26432.000000000;1
20131002;144118;26433.000000000;1
20131002;144118;26441.000000000;1
20131002;144118;26433.000000000;1
20131002;144121;26433.000000000;2
20131002;144121;26431.000000000;1
20131002;144121;26431.000000000;1
20131002;144122;26433.000000000;1
20131002;144122;26431.000000000;2
20131002;144122;26430.000000000;1
20131002;144122;26433.000000000;1
20131002;144123;26430.000000000;1
20131002;144123;26430.000000000;1
20131002;144123;26430.000000000;1
20131002;144124;26439.000000000;1
20131002;144128;26430.000000000;3
20131002;144128;26430.000000000;1
20131002;144128;26428.000000000;2
20131002;144128;26428.000000000;1
20131002;144128;26428.000000000;1
20131002;144129;26428.000000000;1
20131002;144129;26428.000000000;1
20131002;144129;26428.000000000;2
20131002;144130;26428.000000000;3
20131002;144130;26428.000000000;6
20131002;144130;26428.000000000;4
20131002;144130;26428.000000000;3
20131002;144130;26428.000000000;3
20131002;144130;26428.000000000;4
20131002;144130;26425.000000000;4
20131002;144130;26425.000000000;1
20131002;144130;26425.000000000;2
20131002;144130;26424.000000000;1
20131002;144130;26421.000000000;1
20131002;144130;26421.000000000;1
20131002;144130;26420.000000000;1
20131002;144130;26420.000000000;1
20131002;144130;26420.000000000;1
20131002;144130;26418.000000000;2
20131002;144131;26417.000000000;1
20131002;144131;26417.000000000;3
20131002;144132;26417.000000000;2
20131002;144132;26417.000000000;2
20131002;144133;26417.000000000;4
20131002;144137;26416.000000000;1
20131002;144137;26416.000000000;3
20131002;144137;26416.000000000;1
20131002;144144;26421.000000000;1
20131002;144145;26422.000000000;3
20131002;144145;26433.000000000;4
20131002;144145;26434.000000000;5
20131002;144145;26437.000000000;1
20131002;144145;26437.000000000;1
20131002;144145;26437.000000000;1
20131002;144145;26437.000000000;1
20131002;144146;26437.000000000;1
20131002;144146;26437.000000000;9
20131002;144200;26425.000000000;1
20131002;144230;26426.000000000;1
20131002;144237;26428.000000000;1
20131002;144251;26425.000000000;1
20131002;144253;26427.000000000;1
20131002;144259;26438.000000000;1
20131002;144300;26438.000000000;9
20131002;144321;26421.000000000;1
20131002;144333;26430.000000000;2
20131002;144347;26431.000000000;2
20131002;144401;26440.000000000;12
20131002;144401;26440.000000000;4
20131002;144401;26441.000000000;3
20131002;144401;26440.000000000;1
20131002;144401;26440.000000000;1
20131002;144412;26438.000000000;1
20131002;144412;26440.000000000;3
20131002;144500;26440.000000000;4
20131002;144533;26431.000000000;2
20131002;144536;26431.000000000;1
20131002;144536;26431.000000000;2
20131002;144611;26423.000000000;1
20131002;144623;26424.000000000;1
20131002;144625;26425.000000000;2
20131002;144625;26425.000000000;1
20131002;144652;26428.000000000;1
20131002;144701;26439.000000000;1
20131002;144701;26439.000000000;1
20131002;144701;26440.000000000;1
20131002;144701;26440.000000000;2
20131002;144701;26440.000000000;2
20131002;144712;26440.000000000;2
20131002;144713;26440.000000000;2
20131002;144724;26440.000000000;9
20131002;144724;26440.000000000;2
20131002;144724;26440.000000000;6
20131002;144724;26440.000000000;5
20131002;144737;26440.000000000;10
20131002;144737;26440.000000000;2
20131002;144737;26440.000000000;2
20131002;144816;26440.000000000;1
20131002;144818;26440.000000000;1
20131002;144833;26440.000000000;2
20131002;144833;26440.000000000;2
20131002;144838;26440.000000000;1
20131002;144838;26440.000000000;2
20131002;144838;26440.000000000;1
20131002;144839;26440.000000000;1
20131002;144839;26440.000000000;1
20131002;144839;26440.000000000;1
20131002;144839;26440.000000000;1
20131002;144839;26440.000000000;2
20131002;144839;26440.000000000;1
20131002;144840;26449.000000000;1
20131002;144840;26450.000000000;2
20131002;144840;26449.000000000;1
20131002;144907;26446.000000000;1
20131002;144949;26459.000000000;1
20131002;145033;26453.000000000;2
20131002;145047;26451.000000000;1
20131002;145047;26450.000000000;1
20131002;145350;26450.000000000;1
20131002;145719;26457.000000000;1
20131002;145733;26455.000000000;1
20131002;145855;26450.000000000;1
20131002;145953;26450.000000000;2
20131002;145959;26443.000000000;1
20131002;150016;26444.000000000;1
20131002;150220;26443.000000000;1
20131002;150253;26449.000000000;2
20131002;150305;26441.000000000;1
20131002;150326;26450.000000000;3
20131002;150521;26444.000000000;1
20131002;150555;26451.000000000;8
20131002;150557;26445.000000000;1
20131002;150558;26444.000000000;2
20131002;150622;26451.000000000;2
20131002;150622;26451.000000000;3
20131002;150656;26465.000000000;2
20131002;150729;26448.000000000;2
20131002;150856;26462.000000000;1
20131002;150901;26463.000000000;1
20131002;151001;26464.000000000;3
20131002;151013;26460.000000000;1
20131002;151029;26464.000000000;1
20131002;151029;26464.000000000;1
20131002;151050;26464.000000000;4
20131002;151159;26461.000000000;5
20131002;151159;26459.000000000;2
20131002;151226;26459.000000000;3
20131002;151329;26455.000000000;2
20131002;151329;26449.000000000;2
20131002;151329;26449.000000000;11
20131002;151641;26447.000000000;1
20131002;152029;26437.000000000;4
20131002;152029;26437.000000000;1
20131002;152029;26437.000000000;2
20131002;152029;26437.000000000;3
20131002;152029;26436.000000000;5
20131002;152029;26436.000000000;3
20131002;152031;26437.000000000;1
20131002;152031;26436.000000000;1
20131002;152033;26427.000000000;4
20131002;152035;26432.000000000;1
20131002;152135;26424.000000000;5
20131002;152218;26429.000000000;2
20131002;152225;26429.000000000;2
20131002;152225;26429.000000000;1
20131002;152317;26439.000000000;3
20131002;152456;26431.000000000;2
20131002;152529;26430.000000000;1
20131002;152600;26430.000000000;1
20131002;152632;26429.000000000;3
20131002;152632;26429.000000000;4
20131002;152739;26428.000000000;2
20131002;152739;26427.000000000;2
20131002;152739;26423.000000000;1
20131002;152832;26439.000000000;2
20131002;152832;26442.000000000;3
20131002;152835;26448.000000000;1
20131002;152836;26450.000000000;14
20131002;153015;26450.000000000;4
20131002;153017;26441.000000000;2
20131002;153017;26438.000000000;1
20131002;153053;26439.000000000;4
20131002;153053;26438.000000000;2
20131002;153134;26436.000000000;2
20131002;153200;26436.000000000;2
20131002;153221;26438.000000000;2
20131002;153223;26434.000000000;3
20131002;153223;26434.000000000;3
20131002;153224;26430.000000000;2
20131002;153422;26441.000000000;2
20131002;153422;26441.000000000;1
20131002;153423;26448.000000000;1
20131002;153520;26450.000000000;3
20131002;153524;26450.000000000;3
20131002;153524;26450.000000000;7
20131002;153524;26450.000000000;4
20131002;153524;26450.000000000;1
20131002;153524;26450.000000000;2
20131002;153524;26450.000000000;4
20131002;153525;26450.000000000;2
20131002;153525;26451.000000000;2
20131002;153525;26451.000000000;1
20131002;153525;26451.000000000;1
20131002;153525;26451.000000000;1
20131002;153547;26451.000000000;4
20131002;153549;26450.000000000;2
20131002;153553;26445.000000000;1
20131002;153615;26438.000000000;1
20131002;153638;26439.000000000;1
20131002;153713;26441.000000000;1
20131002;153737;26435.000000000;1
20131002;153753;26435.000000000;1
20131002;153753;26433.000000000;1
20131002;153833;26437.000000000;1
20131002;153911;26441.000000000;1
20131002;153912;26441.000000000;1
20131002;153952;26443.000000000;2
20131002;153956;26441.000000000;3
20131002;153958;26441.000000000;1
20131002;154030;26440.000000000;3
20131002;154030;26440.000000000;2
20131002;154109;26440.000000000;12
20131002;154250;26443.000000000;1
20131002;154401;26444.000000000;1
20131002;154512;26445.000000000;2
20131002;154517;26445.000000000;2
20131002;154602;26435.000000000;1
20131002;154609;26435.000000000;3
20131002;154619;26434.000000000;3
20131002;154622;26426.000000000;1
20131002;154651;26429.000000000;9
20131002;154728;26430.000000000;2
20131002;155001;26433.000000000;2
20131002;155035;26443.000000000;1
20131002;155046;26443.000000000;1
20131002;155053;26444.000000000;1
20131002;155103;26444.000000000;1
20131002;155112;26445.000000000;1
20131002;155120;26443.000000000;1
20131002;155129;26443.000000000;1
20131002;155136;26443.000000000;1
20131002;155146;26443.000000000;1
20131002;155154;26443.000000000;1
20131002;155203;26443.000000000;1
20131002;155213;26442.000000000;1
20131002;155223;26443.000000000;1
20131002;155231;26443.000000000;1
20131002;155246;26443.000000000;1
20131002;155314;26432.000000000;2
20131002;155350;26430.000000000;1
20131002;155447;26431.000000000;1
20131002;155454;26430.000000000;2
20131002;155529;26430.000000000;5
20131002;155545;26424.000000000;1
20131002;155559;26428.000000000;1
20131002;155609;26429.000000000;1
20131002;155632;26434.000000000;1
20131002;155633;26433.000000000;1
20131002;155633;26433.000000000;9
20131002;155633;26433.000000000;2
20131002;155633;26433.000000000;2
20131002;155633;26426.000000000;1
20131002;155651;26424.000000000;1
20131002;155654;26429.000000000;2
20131002;155654;26429.000000000;2
20131002;155655;26430.000000000;11
20131002;155655;26430.000000000;17
20131002;155706;26434.000000000;1
20131002;155706;26433.000000000;4
20131002;155706;26432.000000000;2
20131002;155706;26425.000000000;3
20131002;155743;26439.000000000;3
20131002;155753;26436.000000000;1
20131002;155940;26424.000000000;2
20131002;155940;26423.000000000;1
20131002;155940;26423.000000000;2
20131002;155940;26423.000000000;2
20131002;160003;26423.000000000;1
20131002;160003;26423.000000000;1
20131002;160003;26422.000000000;7
20131002;160003;26422.000000000;3
20131002;160010;26422.000000000;2
20131002;160010;26422.000000000;2
20131002;160019;26415.000000000;1
20131002;160019;26413.000000000;4
20131002;160020;26411.000000000;1
20131002;160020;26410.000000000;1
20131002;160020;26410.000000000;1
20131002;160020;26409.000000000;1
20131002;160020;26409.000000000;4
20131002;160020;26408.000000000;25
20131002;160020;26407.000000000;1
20131002;160020;26407.000000000;3
20131002;160020;26406.000000000;1
20131002;160020;26405.000000000;1
20131002;160020;26415.000000000;1
20131002;160020;26406.000000000;3
20131002;160020;26406.000000000;1
20131002;160020;26406.000000000;1
20131002;160024;26405.000000000;2
20131002;160024;26405.000000000;1
20131002;160026;26405.000000000;1
20131002;160033;26405.000000000;1
20131002;160037;26412.000000000;2
20131002;160037;26413.000000000;1
20131002;160122;26412.000000000;3
20131002;160227;26415.000000000;3
20131002;160227;26413.000000000;2
20131002;160236;26410.000000000;5
20131002;160329;26407.000000000;4
20131002;160329;26406.000000000;8
20131002;160346;26406.000000000;7
20131002;160501;26407.000000000;2
20131002;160501;26406.000000000;22
20131002;160503;26414.000000000;2
20131002;160503;26414.000000000;2
20131002;160503;26415.000000000;2
20131002;160555;26417.000000000;9
20131002;160558;26408.000000000;1
20131002;160638;26412.000000000;1
20131002;160638;26413.000000000;2
20131002;160644;26416.000000000;2
20131002;160644;26419.000000000;1
20131002;160644;26419.000000000;1
20131002;160644;26420.000000000;5
20131002;160645;26422.000000000;1
20131002;160754;26420.000000000;2
20131002;160847;26428.000000000;1
20131002;161059;26440.000000000;1
20131002;161059;26440.000000000;2
20131002;161059;26440.000000000;2
20131002;161059;26440.000000000;3
20131002;161227;26450.000000000;2
20131002;161227;26450.000000000;1
20131002;161228;26460.000000000;1
20131002;161228;26462.000000000;2
20131002;161228;26462.000000000;2
20131002;161307;26456.000000000;2
20131002;161346;26451.000000000;2
20131002;161346;26450.000000000;5
20131002;161512;26450.000000000;4
20131002;161512;26450.000000000;3
20131002;161512;26450.000000000;1
20131002;161626;26458.000000000;2
20131002;161655;26456.000000000;2
20131002;161728;26433.000000000;2
20131002;161729;26423.000000000;1
20131002;161800;26434.000000000;1
20131002;161902;26438.000000000;2
20131002;162111;26415.000000000;2
20131002;162301;26423.000000000;3
20131002;162305;26419.000000000;2
20131002;162305;26418.000000000;1
20131002;162325;26424.000000000;1
20131002;162331;26431.000000000;40
20131002;162331;26431.000000000;2
20131002;162331;26431.000000000;2
20131002;162331;26431.000000000;2
20131002;162331;26431.000000000;2
20131002;162331;26431.000000000;23
20131002;162331;26431.000000000;2
20131002;162331;26431.000000000;2
20131002;162331;26431.000000000;1
20131002;162331;26431.000000000;2
20131002;162331;26431.000000000;2
20131002;162331;26431.000000000;1
20131002;162342;26438.000000000;3
20131002;162342;26438.000000000;4
20131002;162342;26438.000000000;2
20131002;162342;26438.000000000;2
20131002;162342;26438.000000000;3
20131002;162342;26438.000000000;2
20131002;162342;26428.000000000;2
20131002;162342;26428.000000000;2
20131002;162343;26437.000000000;2
20131002;162343;26438.000000000;14
20131002;162343;26436.000000000;2
20131002;162343;26436.000000000;2
20131002;162343;26435.000000000;2
20131002;162344;26435.000000000;2
20131002;162344;26435.000000000;2
20131002;162345;26434.000000000;5
20131002;162345;26434.000000000;15
20131002;162345;26435.000000000;40
20131002;162345;26439.000000000;3
20131002;162345;26433.000000000;2
20131002;162345;26435.000000000;5
20131002;162345;26440.000000000;40
20131002;162345;26440.000000000;2
20131002;162345;26440.000000000;2
20131002;162345;26440.000000000;2
20131002;162345;26440.000000000;2
20131002;162345;26440.000000000;2
20131002;162345;26440.000000000;5
20131002;162345;26440.000000000;1
20131002;162346;26433.000000000;3
20131002;162346;26433.000000000;11
20131002;162346;26435.000000000;5
20131002;162346;26437.000000000;40
20131002;162346;26440.000000000;4
20131002;162346;26427.000000000;1
20131002;162346;26423.000000000;1
20131002;162346;26423.000000000;1
20131002;162346;26433.000000000;20
20131002;162346;26433.000000000;2
20131002;162346;26433.000000000;1
20131002;162346;26433.000000000;2
20131002;162346;26433.000000000;2
20131002;162346;26433.000000000;2
20131002;162346;26433.000000000;2
20131002;162346;26433.000000000;15
20131002;162347;26433.000000000;2
20131002;162347;26433.000000000;3
20131002;162347;26433.000000000;11
20131002;162347;26433.000000000;10
20131002;162347;26433.000000000;6
20131002;162348;26433.000000000;2
20131002;162348;26433.000000000;2
20131002;162348;26433.000000000;2
20131002;162348;26433.000000000;2
20131002;162348;26433.000000000;2
20131002;162348;26433.000000000;2
20131002;162348;26433.000000000;2
20131002;162348;26433.000000000;2
20131002;162348;26434.000000000;3
20131002;162348;26435.000000000;2
20131002;162348;26434.000000000;5
20131002;162349;26433.000000000;18
20131002;162349;26433.000000000;3
20131002;162349;26434.000000000;2
20131002;162349;26433.000000000;20
20131002;162349;26434.000000000;3
20131002;162349;26436.000000000;2
20131002;162350;26434.000000000;23
20131002;162350;26433.000000000;12
20131002;162439;26417.000000000;1
20131002;162453;26417.000000000;3
20131002;163029;26431.000000000;1
20131002;163106;26431.000000000;3
20131002;163107;26432.000000000;4
20131002;163107;26432.000000000;2
20131002;163110;26434.000000000;6
20131002;163112;26433.000000000;2
20131002;163137;26428.000000000;4
20131002;163138;26428.000000000;4
20131002;163139;26429.000000000;1
20131002;163149;26423.000000000;2
20131002;163200;26420.000000000;5
20131002;163210;26417.000000000;4
20131002;163221;26415.000000000;2
20131002;163221;26415.000000000;2
20131002;163222;26415.000000000;2
20131002;163222;26415.000000000;2
20131002;163222;26415.000000000;2
20131002;163222;26414.000000000;4
20131002;163223;26415.000000000;2
20131002;163223;26414.000000000;2
20131002;163223;26413.000000000;40
20131002;163224;26413.000000000;2
20131002;163224;26413.000000000;2
20131002;163231;26413.000000000;7
20131002;163233;26425.000000000;3
20131002;163233;26413.000000000;3
20131002;163234;26412.000000000;3
20131002;163240;26412.000000000;3
20131002;163240;26411.000000000;40
20131002;163241;26411.000000000;40
20131002;163241;26410.000000000;1
20131002;163241;26410.000000000;1
20131002;163241;26410.000000000;3
20131002;163241;26410.000000000;2
20131002;163241;26410.000000000;2
20131002;163241;26410.000000000;1
20131002;163242;26410.000000000;2
20131002;163242;26410.000000000;2
20131002;163242;26410.000000000;1
20131002;163242;26410.000000000;2
20131002;163242;26410.000000000;2
20131002;163242;26410.000000000;1
20131002;163242;26407.000000000;7
20131002;163242;26407.000000000;40
20131002;163243;26407.000000000;2
20131002;163243;26407.000000000;2
20131002;163243;26407.000000000;1
20131002;163243;26407.000000000;2
20131002;163243;26407.000000000;2
20131002;163243;26407.000000000;2
20131002;163243;26407.000000000;2
20131002;163243;26407.000000000;2
20131002;163247;26407.000000000;1
20131002;163249;26407.000000000;1
20131002;163253;26406.000000000;13
20131002;163253;26406.000000000;3
20131002;163304;26405.000000000;13
20131002;163304;26405.000000000;200
20131002;163313;26405.000000000;1
20131002;163315;26404.000000000;2
20131002;163322;26404.000000000;1
20131002;163325;26402.000000000;3
20131002;163332;26418.000000000;3
20131002;163422;26416.000000000;2
20131002;163423;26416.000000000;1
20131002;163524;26412.000000000;3
20131002;163609;26410.000000000;2
20131002;163615;26405.000000000;2
20131002;163647;26403.000000000;2
20131002;163651;26403.000000000;1
20131002;163651;26402.000000000;17
20131002;163651;26402.000000000;1
20131002;163651;26401.000000000;5
20131002;163651;26400.000000000;1
20131002;163651;26400.000000000;25
20131002;163713;26404.000000000;2
20131002;163713;26404.000000000;2
20131002;163714;26410.000000000;2
20131002;163714;26419.000000000;4
20131002;163714;26417.000000000;1
20131002;163730;26416.000000000;3
20131002;163751;26415.000000000;4
20131002;163901;26418.000000000;2
20131002;163912;26423.000000000;2
20131002;163912;26421.000000000;2
20131002;163913;26421.000000000;2
20131002;163913;26421.000000000;2
20131002;163914;26422.000000000;1
20131002;163914;26422.000000000;1
20131002;163915;26423.000000000;2
20131002;163915;26423.000000000;2
20131002;163916;26423.000000000;2
20131002;163916;26424.000000000;2
20131002;163917;26424.000000000;2
20131002;163917;26426.000000000;2
20131002;163917;26427.000000000;2
20131002;163917;26427.000000000;2
20131002;163917;26427.000000000;2
20131002;163918;26427.000000000;2
20131002;163918;26427.000000000;2
20131002;163919;26429.000000000;2
20131002;163919;26429.000000000;2
20131002;163919;26429.000000000;2
20131002;163920;26432.000000000;2
20131002;163920;26432.000000000;4
20131002;163920;26432.000000000;3
20131002;163920;26432.000000000;3
20131002;163920;26432.000000000;4
20131002;163920;26432.000000000;3
20131002;163920;26432.000000000;19
20131002;163921;26432.000000000;15
20131002;163935;26416.000000000;1
20131002;164003;26419.000000000;3
20131002;164003;26418.000000000;2
20131002;164003;26416.000000000;2
20131002;164049;26424.000000000;4
20131002;164049;26425.000000000;2
20131002;164049;26428.000000000;2
20131002;164049;26430.000000000;2
20131002;164049;26430.000000000;5
20131002;164334;26423.000000000;1
20131002;164433;26415.000000000;4
20131002;164535;26413.000000000;2
20131002;164535;26412.000000000;2
20131002;164536;26412.000000000;1
20131002;164600;26422.000000000;4
20131002;164600;26423.000000000;1
20131002;164709;26430.000000000;3
20131002;164709;26440.000000000;16
20131002;164753;26423.000000000;1
20131002;164753;26421.000000000;2
20131002;164805;26430.000000000;1
20131002;164818;26420.000000000;1
20131002;164826;26420.000000000;2
20131002;164842;26419.000000000;1
20131002;164842;26418.000000000;1
20131002;164854;26416.000000000;1
20131002;165018;26415.000000000;1
20131002;165018;26415.000000000;1
20131002;165018;26414.000000000;1
20131002;165019;26414.000000000;1
20131002;165021;26412.000000000;2
20131002;165023;26406.000000000;2
20131002;165027;26406.000000000;1
20131002;165029;26406.000000000;1
20131002;165029;26401.000000000;1
20131002;165110;26401.000000000;3
20131002;165213;26400.000000000;7
20131002;165214;26400.000000000;2
20131002;165214;26400.000000000;2
20131002;165214;26400.000000000;2
20131002;165215;26400.000000000;2
20131002;165215;26400.000000000;2
20131002;165215;26400.000000000;4
20131002;165215;26400.000000000;2
20131002;165215;26400.000000000;2
20131002;165215;26400.000000000;1
20131002;165215;26400.000000000;1
20131002;165215;26400.000000000;2
20131002;165215;26400.000000000;2
20131002;165215;26400.000000000;1
20131002;165215;26390.000000000;1
20131002;165215;26390.000000000;1
20131002;165215;26390.000000000;1
20131002;165216;26380.000000000;1
20131002;165216;26375.000000000;1
20131002;165216;26371.000000000;2
20131002;165216;26371.000000000;1
20131002;165232;26380.000000000;1
20131002;165248;26387.000000000;1
20131002;165248;26387.000000000;2
20131002;165248;26388.000000000;2
20131002;165248;26390.000000000;2
20131002;165248;26392.000000000;3
20131002;165248;26390.000000000;1
20131002;165310;26381.000000000;1
20131002;165348;26380.000000000;4
20131002;165352;26370.000000000;1
20131002;165352;26370.000000000;1
20131002;165356;26365.000000000;2
20131002;165356;26360.000000000;1
20131002;165356;26360.000000000;1
20131002;165356;26359.000000000;2
20131002;165358;26356.000000000;2
20131002;165401;26362.000000000;1
20131002;165419;26351.000000000;1
20131002;165506;26354.000000000;1
20131002;165516;26367.000000000;2
20131002;165516;26371.000000000;1
20131002;165516;26373.000000000;2
20131002;165516;26373.000000000;3
20131002;165516;26375.000000000;2
20131002;165516;26380.000000000;1
20131002;165516;26376.000000000;10
20131002;165516;26377.000000000;5
20131002;165516;26383.000000000;1
20131002;165516;26383.000000000;1
20131002;165516;26385.000000000;10
20131002;165516;26386.000000000;2
20131002;165516;26388.000000000;2
20131002;165516;26395.000000000;8
20131002;165516;26376.000000000;3
20131002;165516;26376.000000000;1
20131002;165516;26395.000000000;2
20131002;165517;26380.000000000;2
20131002;165517;26382.000000000;5
20131002;165517;26382.000000000;2
20131002;165517;26378.000000000;4
20131002;165518;26380.000000000;2
20131002;165557;26386.000000000;3
20131002;165557;26388.000000000;1
20131002;165615;26388.000000000;2
20131002;165615;26388.000000000;1
20131002;165616;26388.000000000;1
20131002;165638;26397.000000000;1
20131002;165639;26398.000000000;4
20131002;165639;26398.000000000;1
20131002;165639;26398.000000000;4
20131002;165639;26398.000000000;1
20131002;165640;26400.000000000;2
20131002;165641;26393.000000000;1
20131002;165641;26392.000000000;2
20131002;165641;26391.000000000;2
20131002;165641;26390.000000000;2
20131002;165641;26395.000000000;5
20131002;165720;26379.000000000;1
20131002;165739;26378.000000000;1
20131002;165757;26378.000000000;1
20131002;165757;26378.000000000;2
20131002;165757;26377.000000000;2
20131002;165757;26375.000000000;1
20131002;165757;26372.000000000;1
20131002;165853;26372.000000000;2
20131002;170009;26374.000000000;2
20131002;170009;26373.000000000;1
20131002;170009;26372.000000000;1
20131002;170009;26372.000000000;1
20131002;170014;26368.000000000;1
20131002;170015;26368.000000000;1
20131002;170026;26367.000000000;1
20131002;170038;26367.000000000;1
20131002;170043;26360.000000000;7
20131002;170105;26359.000000000;1
20131002;170109;26359.000000000;1
20131002;170136;26351.000000000;1
20131002;170136;26351.000000000;1
20131002;170136;26350.000000000;1
20131002;170136;26350.000000000;1
20131002;170136;26350.000000000;8
20131002;170226;26357.000000000;2
20131002;170226;26357.000000000;1
