20131002;100001;48427.000000000;1
20131002;100001;48404.000000000;1
20131002;100001;48404.000000000;1
20131002;100001;48404.000000000;1
20131002;100001;48404.000000000;1
20131002;100001;48428.000000000;2
20131002;100001;48427.000000000;1
20131002;100001;48423.000000000;1
20131002;100001;48412.000000000;1
20131002;100001;48412.000000000;1
20131002;100001;48412.000000000;1
20131002;100001;48410.000000000;1
20131002;100001;48401.000000000;1
20131002;100001;48397.000000000;1
20131002;100001;48397.000000000;1
20131002;100001;48395.000000000;1
20131002;100001;48393.000000000;1
20131002;100001;48383.000000000;1
20131002;100001;48380.000000000;1
20131002;100001;48375.000000000;1
20131002;100001;48375.000000000;1
20131002;100001;48368.000000000;1
20131002;100001;48367.000000000;1
20131002;100001;48363.000000000;1
20131002;100001;48353.000000000;1
20131002;100001;48353.000000000;1
20131002;100001;48348.000000000;1
20131002;100001;48328.000000000;1
20131002;100001;48300.000000000;29
20131002;100001;48300.000000000;25
20131002;100001;48300.000000000;1
20131002;100001;48269.000000000;4
20131002;100002;48123.000000000;1
20131002;100002;48048.000000000;1
20131002;100002;48001.000000000;1
20131002;100002;48264.000000000;2
20131002;100002;48265.000000000;2
20131002;100002;48300.000000000;2
20131002;100002;48300.000000000;31
20131002;100002;48328.000000000;19
20131002;100003;48256.000000000;1
20131002;100004;48256.000000000;1
20131002;100004;48300.000000000;4
20131002;100005;48428.000000000;1
20131002;100006;48350.000000000;1
20131002;100006;48338.000000000;1
20131002;100007;48380.000000000;1
20131002;100008;48348.000000000;1
20131002;100011;48355.000000000;1
20131002;100011;48355.000000000;1
20131002;100013;48352.000000000;1
20131002;100013;48379.000000000;2
20131002;100013;48380.000000000;1
20131002;100013;48395.000000000;1
20131002;100013;48410.000000000;1
20131002;100013;48395.000000000;1
20131002;100014;48410.000000000;1
20131002;100014;48425.000000000;1
20131002;100014;48450.000000000;2
20131002;100014;48455.000000000;2
20131002;100014;48455.000000000;1
20131002;100016;48412.000000000;1
20131002;100019;48403.000000000;2
20131002;100020;48423.000000000;1
20131002;100021;48439.000000000;1
20131002;100021;48439.000000000;1
20131002;100021;48400.000000000;1
20131002;100021;48400.000000000;1
20131002;100023;48404.000000000;1
20131002;100024;48396.000000000;1
20131002;100024;48397.000000000;1
20131002;100024;48397.000000000;1
20131002;100024;48402.000000000;2
20131002;100024;48405.000000000;2
20131002;100028;48418.000000000;1
20131002;100033;48373.000000000;2
20131002;100034;48372.000000000;1
20131002;100036;48414.000000000;1
20131002;100036;48413.000000000;1
20131002;100036;48414.000000000;1
20131002;100036;48415.000000000;1
20131002;100036;48366.000000000;1
20131002;100039;48367.000000000;1
20131002;100040;48365.000000000;1
20131002;100040;48356.000000000;1
20131002;100041;48354.000000000;1
20131002;100042;48348.000000000;1
20131002;100045;48346.000000000;1
20131002;100054;48388.000000000;1
20131002;100055;48389.000000000;1
20131002;100055;48400.000000000;1
20131002;100055;48406.000000000;1
20131002;100055;48398.000000000;1
20131002;100055;48398.000000000;1
20131002;100104;48378.000000000;2
20131002;100119;48351.000000000;2
20131002;100120;48353.000000000;1
20131002;100120;48350.000000000;4
20131002;100120;48350.000000000;1
20131002;100121;48334.000000000;1
20131002;100121;48285.000000000;1
20131002;100124;48315.000000000;1
20131002;100124;48315.000000000;1
20131002;100127;48315.000000000;3
20131002;100131;48316.000000000;2
20131002;100131;48317.000000000;1
20131002;100131;48317.000000000;1
20131002;100138;48301.000000000;1
20131002;100138;48302.000000000;1
20131002;100138;48300.000000000;6
20131002;100138;48300.000000000;1
20131002;100139;48300.000000000;1
20131002;100139;48300.000000000;1
20131002;100139;48300.000000000;6
20131002;100140;48300.000000000;1
20131002;100140;48300.000000000;4
20131002;100140;48300.000000000;5
20131002;100155;48285.000000000;2
20131002;100204;48284.000000000;1
20131002;100213;48248.000000000;1
20131002;100213;48248.000000000;1
20131002;100213;48248.000000000;1
20131002;100213;48248.000000000;1
20131002;100213;48246.000000000;1
20131002;100213;48215.000000000;1
20131002;100213;48230.000000000;1
20131002;100213;48245.000000000;2
20131002;100213;48240.000000000;2
20131002;100213;48235.000000000;2
20131002;100214;48230.000000000;1
20131002;100214;48230.000000000;1
20131002;100214;48230.000000000;1
20131002;100217;48229.000000000;1
20131002;100221;48194.000000000;1
20131002;100221;48194.000000000;1
20131002;100221;48191.000000000;3
20131002;100221;48189.000000000;2
20131002;100222;48193.000000000;1
20131002;100225;48207.000000000;1
20131002;100228;48214.000000000;1
20131002;100229;48219.000000000;1
20131002;100229;48220.000000000;2
20131002;100229;48220.000000000;1
20131002;100229;48220.000000000;1
20131002;100229;48220.000000000;1
20131002;100229;48220.000000000;1
20131002;100236;48230.000000000;1
20131002;100240;48230.000000000;1
20131002;100250;48240.000000000;1
20131002;100250;48240.000000000;1
20131002;100254;48285.000000000;1
20131002;100254;48290.000000000;1
20131002;100254;48290.000000000;1
20131002;100258;48256.000000000;2
20131002;100258;48245.000000000;1
20131002;100258;48245.000000000;1
20131002;100258;48240.000000000;2
20131002;100258;48240.000000000;2
20131002;100258;48235.000000000;2
20131002;100259;48235.000000000;1
20131002;100259;48235.000000000;1
20131002;100259;48220.000000000;2
20131002;100259;48220.000000000;1
20131002;100300;48212.000000000;1
20131002;100304;48170.000000000;1
20131002;100306;48204.000000000;1
20131002;100321;48195.000000000;1
20131002;100321;48196.000000000;1
20131002;100333;48215.000000000;2
20131002;100333;48215.000000000;1
20131002;100333;48215.000000000;1
20131002;100400;48195.000000000;1
20131002;100400;48189.000000000;1
20131002;100400;48189.000000000;1
20131002;100403;48175.000000000;2
20131002;100403;48170.000000000;1
20131002;100419;48203.000000000;1
20131002;100425;48218.000000000;2
20131002;100425;48219.000000000;1
20131002;100425;48218.000000000;1
20131002;100425;48218.000000000;1
20131002;100426;48218.000000000;1
20131002;100457;48199.000000000;1
20131002;100521;48211.000000000;1
20131002;100731;48218.000000000;1
20131002;100733;48216.000000000;1
20131002;100738;48200.000000000;1
20131002;100740;48185.000000000;2
20131002;100741;48191.000000000;2
20131002;100742;48199.000000000;1
20131002;100742;48200.000000000;7
20131002;100742;48200.000000000;1
20131002;100742;48200.000000000;6
20131002;100821;48224.000000000;2
20131002;100832;48211.000000000;1
20131002;100832;48211.000000000;1
20131002;100901;48205.000000000;1
20131002;100932;48205.000000000;1
20131002;100932;48205.000000000;1
20131002;100932;48201.000000000;3
20131002;101219;48231.000000000;2
20131002;101236;48247.000000000;2
20131002;101259;48223.000000000;2
20131002;101259;48222.000000000;1
20131002;101259;48222.000000000;1
20131002;101259;48215.000000000;26
20131002;101259;48215.000000000;20
20131002;101259;48215.000000000;1
20131002;101259;48215.000000000;3
20131002;101259;48195.000000000;2
20131002;101259;48192.000000000;4
20131002;101259;48190.000000000;1
20131002;101259;48190.000000000;4
20131002;101259;48200.000000000;4
20131002;101259;48200.000000000;1
20131002;101259;48201.000000000;1
20131002;101259;48202.000000000;1
20131002;101259;48201.000000000;2
20131002;101259;48195.000000000;2
20131002;101307;48159.000000000;1
20131002;101307;48158.000000000;1
20131002;101310;48147.000000000;1
20131002;101310;48147.000000000;1
20131002;101408;48187.000000000;2
20131002;101408;48190.000000000;1
20131002;101429;48190.000000000;2
20131002;101531;48140.000000000;2
20131002;101531;48139.000000000;1
20131002;101537;48128.000000000;1
20131002;101546;48116.000000000;1
20131002;101546;48116.000000000;1
20131002;101548;48113.000000000;1
20131002;101548;48105.000000000;4
20131002;101615;48159.000000000;1
20131002;101700;48131.000000000;1
20131002;101745;48130.000000000;1
20131002;101746;48130.000000000;3
20131002;101857;48143.000000000;2
20131002;102016;48121.000000000;2
20131002;102016;48120.000000000;1
20131002;102016;48120.000000000;1
20131002;102017;48104.000000000;1
20131002;102017;48103.000000000;1
20131002;102017;48103.000000000;1
20131002;102017;48103.000000000;1
20131002;102017;48103.000000000;1
20131002;102017;48103.000000000;1
20131002;102018;48104.000000000;1
20131002;102018;48114.000000000;2
20131002;102044;48136.000000000;1
20131002;102044;48136.000000000;2
20131002;102145;48136.000000000;8
20131002;102220;48136.000000000;2
20131002;102220;48136.000000000;4
20131002;102717;48145.000000000;1
20131002;102915;48186.000000000;2
20131002;102915;48185.000000000;2
20131002;102915;48185.000000000;10
20131002;102915;48180.000000000;2
20131002;102915;48178.000000000;20
20131002;102931;48213.000000000;2
20131002;102931;48214.000000000;1
20131002;102931;48225.000000000;1
20131002;102931;48225.000000000;1
20131002;102931;48230.000000000;1
20131002;102931;48230.000000000;1
20131002;102931;48230.000000000;1
20131002;102931;48230.000000000;1
20131002;102931;48230.000000000;1
20131002;102932;48246.000000000;1
20131002;102938;48254.000000000;1
20131002;102950;48246.000000000;1
20131002;102952;48246.000000000;1
20131002;102952;48245.000000000;7
20131002;102954;48242.000000000;6
20131002;103002;48146.000000000;1
20131002;103002;48145.000000000;1
20131002;103002;48145.000000000;1
20131002;103018;48140.000000000;2
20131002;103048;48144.000000000;1
20131002;103048;48145.000000000;1
20131002;103111;48145.000000000;2
20131002;103121;48146.000000000;10
20131002;103143;48146.000000000;5
20131002;103210;48116.000000000;2
20131002;103238;48100.000000000;2
20131002;103238;48096.000000000;2
20131002;103403;48134.000000000;2
20131002;103403;48135.000000000;1
20131002;103456;48139.000000000;5
20131002;103516;48140.000000000;2
20131002;103516;48140.000000000;5
20131002;103518;48145.000000000;5
20131002;103518;48146.000000000;3
20131002;103623;48146.000000000;1
20131002;103630;48146.000000000;1
20131002;103630;48131.000000000;1
20131002;103644;48145.000000000;1
20131002;103644;48146.000000000;18
20131002;103644;48146.000000000;9
20131002;103644;48146.000000000;5
20131002;103644;48146.000000000;5
20131002;103644;48146.000000000;1
20131002;103644;48146.000000000;6
20131002;103644;48146.000000000;1
20131002;103731;48180.000000000;2
20131002;103735;48180.000000000;2
20131002;103741;48186.000000000;6
20131002;103751;48186.000000000;7
20131002;103751;48185.000000000;1
20131002;103751;48185.000000000;1
20131002;103751;48186.000000000;1
20131002;103751;48186.000000000;1
20131002;103751;48186.000000000;1
20131002;103754;48200.000000000;2
20131002;104038;48225.000000000;1
20131002;104134;48221.000000000;1
20131002;104134;48221.000000000;1
20131002;104403;48191.000000000;10
20131002;104503;48130.000000000;2
20131002;104505;48125.000000000;1
20131002;104531;48120.000000000;2
20131002;104531;48115.000000000;3
20131002;104534;48085.000000000;2
20131002;104534;48085.000000000;5
20131002;104534;48085.000000000;1
20131002;104534;48085.000000000;1
20131002;104537;48071.000000000;1
20131002;104537;48071.000000000;1
20131002;104617;48056.000000000;5
20131002;104617;48045.000000000;5
20131002;104636;47992.000000000;1
20131002;104636;47992.000000000;1
20131002;104636;47992.000000000;1
20131002;104636;47992.000000000;1
20131002;104636;47992.000000000;1
20131002;104636;47988.000000000;5
20131002;104636;47985.000000000;1
20131002;104636;47985.000000000;9
20131002;104636;47985.000000000;1
20131002;104636;47972.000000000;10
20131002;104636;47972.000000000;10
20131002;104636;47972.000000000;10
20131002;104636;47971.000000000;4
20131002;104636;47959.000000000;1
20131002;104636;47950.000000000;5
20131002;104636;47950.000000000;10
20131002;104636;47950.000000000;1
20131002;104636;47962.000000000;1
20131002;104636;47940.000000000;1
20131002;104636;47934.000000000;1
20131002;104636;47934.000000000;1
20131002;104636;47939.000000000;1
20131002;104636;47939.000000000;2
20131002;104636;47939.000000000;1
20131002;104636;47931.000000000;4
20131002;104636;47940.000000000;1
20131002;104636;47937.000000000;1
20131002;104636;47931.000000000;4
20131002;104636;47940.000000000;1
20131002;104636;47931.000000000;1
20131002;104636;47931.000000000;1
20131002;104636;47926.000000000;1
20131002;104636;47930.000000000;2
20131002;104636;47939.000000000;1
20131002;104636;47911.000000000;1
20131002;104636;47895.000000000;1
20131002;104636;47923.000000000;1
20131002;104637;47896.000000000;1
20131002;104637;47915.000000000;1
20131002;104637;47916.000000000;1
20131002;104637;47916.000000000;2
20131002;104637;47916.000000000;1
20131002;104637;47916.000000000;1
20131002;104637;47916.000000000;1
20131002;104637;47919.000000000;1
20131002;104637;47916.000000000;1
20131002;104641;47886.000000000;1
20131002;104641;47881.000000000;2
20131002;104641;47880.000000000;1
20131002;104641;47880.000000000;1
20131002;104641;47876.000000000;1
20131002;104641;47876.000000000;1
20131002;104641;47876.000000000;1
20131002;104641;47880.000000000;1
20131002;104641;47880.000000000;1
20131002;104641;47880.000000000;1
20131002;104641;47876.000000000;1
20131002;104641;47871.000000000;2
20131002;104643;47878.000000000;2
20131002;104643;47879.000000000;1
20131002;104643;47879.000000000;1
20131002;104643;47890.000000000;1
20131002;104648;47919.000000000;5
20131002;104650;47925.000000000;2
20131002;104657;47921.000000000;2
20131002;104657;47920.000000000;2
20131002;104657;47945.000000000;2
20131002;104657;47946.000000000;4
20131002;104706;47955.000000000;1
20131002;104707;47958.000000000;3
20131002;104707;47960.000000000;2
20131002;104707;47960.000000000;1
20131002;104708;47960.000000000;1
20131002;104727;47989.000000000;4
20131002;104731;47990.000000000;5
20131002;104733;47991.000000000;1
20131002;104733;47992.000000000;1
20131002;104754;47998.000000000;1
20131002;104800;48020.000000000;2
20131002;104856;48064.000000000;1
20131002;104856;48065.000000000;5
20131002;104856;48075.000000000;10
20131002;104856;48084.000000000;10
20131002;104856;48080.000000000;1
20131002;104856;48095.000000000;2
20131002;104856;48100.000000000;2
20131002;104856;48105.000000000;1
20131002;104856;48105.000000000;1
20131002;104856;48110.000000000;2
20131002;104856;48110.000000000;2
20131002;104856;48100.000000000;1
20131002;104856;48110.000000000;2
20131002;104856;48100.000000000;1
20131002;104856;48100.000000000;3
20131002;104856;48100.000000000;7
20131002;104856;48100.000000000;2
20131002;104856;48112.000000000;1
20131002;104856;48118.000000000;1
20131002;104856;48120.000000000;1
20131002;104857;48113.000000000;1
20131002;104857;48113.000000000;1
20131002;104857;48112.000000000;1
20131002;104857;48112.000000000;1
20131002;104857;48110.000000000;1
20131002;104911;48088.000000000;3
20131002;104916;48095.000000000;2
20131002;104916;48095.000000000;2
20131002;104916;48095.000000000;2
20131002;104916;48095.000000000;2
20131002;104916;48095.000000000;2
20131002;104916;48114.000000000;1
20131002;104919;48100.000000000;2
20131002;104919;48100.000000000;1
20131002;104919;48100.000000000;2
20131002;104932;48122.000000000;1
20131002;104938;48090.000000000;1
20131002;104938;48090.000000000;1
20131002;104939;48071.000000000;4
20131002;105019;48070.000000000;5
20131002;105019;48067.000000000;1
20131002;105019;48031.000000000;3
20131002;105019;48029.000000000;1
20131002;105019;48029.000000000;1
20131002;105019;48030.000000000;1
20131002;105019;48030.000000000;1
20131002;105019;48025.000000000;2
20131002;105019;48030.000000000;1
20131002;105019;48022.000000000;1
20131002;105019;48022.000000000;1
20131002;105019;48022.000000000;1
20131002;105019;48017.000000000;1
20131002;105031;47992.000000000;2
20131002;105031;47991.000000000;1
20131002;105036;47989.000000000;1
20131002;105037;47983.000000000;1
20131002;105037;47985.000000000;1
20131002;105040;47980.000000000;1
20131002;105040;47980.000000000;1
20131002;105040;47984.000000000;2
20131002;105040;47985.000000000;1
20131002;105100;47972.000000000;1
20131002;105100;47960.000000000;2
20131002;105124;47975.000000000;6
20131002;105140;48004.000000000;5
20131002;105222;48021.000000000;2
20131002;105222;48021.000000000;1
20131002;105222;48030.000000000;2
20131002;105345;48050.000000000;5
20131002;105425;48055.000000000;2
20131002;105429;48037.000000000;2
20131002;105435;48036.000000000;1
20131002;105456;48016.000000000;2
20131002;105456;48017.000000000;1
20131002;105456;48018.000000000;1
20131002;105456;48020.000000000;1
20131002;105458;47987.000000000;2
20131002;105502;48003.000000000;1
20131002;105502;48002.000000000;1
20131002;105502;48003.000000000;1
20131002;105502;48004.000000000;1
20131002;105507;48067.000000000;5
20131002;105507;48065.000000000;2
20131002;105507;48061.000000000;2
20131002;105526;48109.000000000;2
20131002;105526;48101.000000000;2
20131002;105526;48110.000000000;5
20131002;105526;48100.000000000;1
20131002;105529;48080.000000000;1
20131002;105529;48080.000000000;1
20131002;105530;48025.000000000;2
20131002;105530;48030.000000000;2
20131002;105657;48012.000000000;1
20131002;105657;48012.000000000;1
20131002;105703;48013.000000000;2
20131002;105703;48014.000000000;1
20131002;105703;48014.000000000;1
20131002;105703;48016.000000000;2
20131002;105710;48016.000000000;6
20131002;105747;48040.000000000;5
20131002;105747;48040.000000000;1
20131002;105747;48040.000000000;1
20131002;105747;48065.000000000;2
20131002;105752;48080.000000000;2
20131002;105752;48080.000000000;1
20131002;105752;48080.000000000;1
20131002;105758;48084.000000000;2
20131002;105758;48083.000000000;8
20131002;105841;48110.000000000;1
20131002;105842;48109.000000000;1
20131002;105842;48111.000000000;1
20131002;105842;48111.000000000;1
20131002;105959;48102.000000000;2
20131002;105959;48101.000000000;1
20131002;105959;48100.000000000;2
20131002;105959;48090.000000000;1
20131002;110000;48090.000000000;1
20131002;110000;48080.000000000;1
20131002;110000;48070.000000000;2
20131002;110000;48065.000000000;1
20131002;110000;48065.000000000;1
20131002;110000;48065.000000000;1
20131002;110000;48065.000000000;1
20131002;110002;48016.000000000;1
20131002;110003;48014.000000000;2
20131002;110003;48015.000000000;2
20131002;110003;48020.000000000;1
20131002;110005;48007.000000000;1
20131002;110005;48007.000000000;2
20131002;110005;48005.000000000;1
20131002;110008;48019.000000000;1
20131002;110009;48021.000000000;1
20131002;110010;48022.000000000;1
20131002;110010;48022.000000000;1
20131002;110012;48120.000000000;1
20131002;110018;48082.000000000;2
20131002;110018;48081.000000000;1
20131002;110053;48090.000000000;1
20131002;110056;48109.000000000;1
20131002;110058;48125.000000000;2
20131002;110058;48125.000000000;1
20131002;110100;48128.000000000;20
20131002;110102;48128.000000000;1
20131002;110128;48100.000000000;1
20131002;110143;48008.000000000;2
20131002;110143;48006.000000000;2
20131002;110143;48006.000000000;1
20131002;110143;48005.000000000;1
20131002;110204;47981.000000000;1
20131002;110204;47981.000000000;1
20131002;110208;48002.000000000;2
20131002;110231;48052.000000000;2
20131002;110307;48050.000000000;1
20131002;110307;48050.000000000;2
20131002;110307;48050.000000000;1
20131002;110308;48060.000000000;2
20131002;110317;48005.000000000;3
20131002;110318;48005.000000000;1
20131002;110318;48005.000000000;3
20131002;110318;48005.000000000;1
20131002;110427;47990.000000000;1
20131002;110519;47936.000000000;5
20131002;110523;47936.000000000;1
20131002;110523;47956.000000000;2
20131002;110523;47957.000000000;1
20131002;110523;47975.000000000;2
20131002;110523;47980.000000000;2
20131002;110523;47980.000000000;2
20131002;110523;47960.000000000;4
20131002;110523;47957.000000000;1
20131002;110523;47965.000000000;1
20131002;110524;47970.000000000;1
20131002;110526;47970.000000000;1
20131002;110528;47970.000000000;1
20131002;110529;47970.000000000;1
20131002;110530;47970.000000000;1
20131002;110532;47937.000000000;2
20131002;110532;47936.000000000;2
20131002;110532;47935.000000000;3
20131002;110532;47940.000000000;2
20131002;110532;47935.000000000;1
20131002;110532;47940.000000000;2
20131002;110532;47940.000000000;1
20131002;110537;47956.000000000;2
20131002;110559;47975.000000000;2
20131002;110559;47980.000000000;2
20131002;110559;47985.000000000;2
20131002;110559;47985.000000000;5
20131002;110559;47990.000000000;10
20131002;110559;47990.000000000;2
20131002;110559;47990.000000000;2
20131002;110559;48010.000000000;1
20131002;110559;48010.000000000;1
20131002;110559;48010.000000000;2
20131002;110559;47991.000000000;10
20131002;110559;47990.000000000;2
20131002;110559;47989.000000000;8
20131002;110559;47983.000000000;1
20131002;110559;48005.000000000;2
20131002;110559;48009.000000000;2
20131002;110559;48010.000000000;2
20131002;110559;48010.000000000;2
20131002;110559;48010.000000000;2
20131002;110559;48011.000000000;2
20131002;110603;47991.000000000;2
20131002;110604;48030.000000000;1
20131002;110604;48030.000000000;1
20131002;110611;48048.000000000;1
20131002;110611;48048.000000000;1
20131002;110623;48041.000000000;10
20131002;110632;48052.000000000;2
20131002;110632;48052.000000000;1
20131002;110632;48052.000000000;1
20131002;110640;48055.000000000;1
20131002;110649;48050.000000000;4
20131002;110651;48050.000000000;5
20131002;110726;48050.000000000;1
20131002;110726;48050.000000000;1
20131002;110733;48050.000000000;1
20131002;110740;48050.000000000;2
20131002;110753;48050.000000000;5
20131002;110801;48050.000000000;5
20131002;110851;48040.000000000;1
20131002;110851;48040.000000000;4
20131002;110851;48040.000000000;1
20131002;110851;48040.000000000;4
20131002;110851;48040.000000000;1
20131002;111034;48020.000000000;5
20131002;111040;48031.000000000;2
20131002;111047;48038.000000000;2
20131002;111114;48052.000000000;4
20131002;111116;48052.000000000;1
20131002;111118;48079.000000000;2
20131002;111125;48058.000000000;2
20131002;111210;48091.000000000;2
20131002;111210;48092.000000000;10
20131002;111210;48100.000000000;2
20131002;111210;48109.000000000;35
20131002;111210;48110.000000000;1
20131002;111211;48109.000000000;10
20131002;111211;48110.000000000;2
20131002;111211;48114.000000000;10
20131002;111211;48120.000000000;2
20131002;111211;48120.000000000;26
20131002;111211;48121.000000000;2
20131002;111211;48127.000000000;5
20131002;111211;48127.000000000;10
20131002;111211;48126.000000000;1
20131002;111211;48124.000000000;1
20131002;111211;48127.000000000;1
20131002;111213;48128.000000000;1
20131002;111213;48128.000000000;1
20131002;111213;48128.000000000;1
20131002;111213;48128.000000000;1
20131002;111213;48128.000000000;1
20131002;111221;48149.000000000;1
20131002;111224;48149.000000000;1
20131002;111224;48154.000000000;1
20131002;111224;48154.000000000;1
20131002;111229;48121.000000000;2
20131002;111234;48123.000000000;2
20131002;111242;48137.000000000;1
20131002;111300;48136.000000000;1
20131002;111300;48135.000000000;10
20131002;111300;48134.000000000;3
20131002;111300;48120.000000000;2
20131002;111305;48140.000000000;2
20131002;111317;48121.000000000;2
20131002;111330;48120.000000000;5
20131002;111340;48120.000000000;10
20131002;111340;48120.000000000;1
20131002;111343;48120.000000000;3
20131002;111345;48120.000000000;4
20131002;111345;48110.000000000;3
20131002;111416;48110.000000000;1
20131002;111442;48111.000000000;1
20131002;111443;48110.000000000;2
20131002;111443;48077.000000000;1
20131002;111525;48081.000000000;2
20131002;111553;48121.000000000;2
20131002;111553;48122.000000000;6
20131002;111640;48131.000000000;2
20131002;111640;48130.000000000;8
20131002;111641;48130.000000000;3
20131002;111641;48130.000000000;1
20131002;111641;48130.000000000;1
20131002;111650;48130.000000000;1
20131002;111650;48130.000000000;1
20131002;111650;48130.000000000;2
20131002;111650;48130.000000000;7
20131002;111650;48130.000000000;6
20131002;111650;48096.000000000;2
20131002;111650;48105.000000000;1
20131002;111650;48095.000000000;2
20131002;111650;48090.000000000;2
20131002;111650;48090.000000000;2
20131002;111650;48085.000000000;1
20131002;111650;48085.000000000;2
20131002;111650;48072.000000000;6
20131002;111650;48073.000000000;1
20131002;111650;48073.000000000;1
20131002;111653;48061.000000000;1
20131002;111654;48065.000000000;1
20131002;111659;48050.000000000;1
20131002;111659;48028.000000000;1
20131002;111659;48025.000000000;2
20131002;111659;48028.000000000;1
20131002;111659;48020.000000000;1
20131002;111659;48020.000000000;1
20131002;111659;48019.000000000;2
20131002;111659;48020.000000000;2
20131002;111714;48003.000000000;1
20131002;111714;48004.000000000;1
20131002;111714;48002.000000000;1
20131002;111730;47999.000000000;2
20131002;111737;48010.000000000;1
20131002;111737;48010.000000000;1
20131002;111737;48016.000000000;3
20131002;111746;48001.000000000;2
20131002;111747;48000.000000000;2
20131002;111807;48000.000000000;1
20131002;111814;47990.000000000;4
20131002;111843;47999.000000000;1
20131002;111855;48000.000000000;10
20131002;111903;47999.000000000;2
20131002;111903;48000.000000000;4
20131002;111906;48000.000000000;1
20131002;111907;48000.000000000;1
20131002;111907;48000.000000000;1
20131002;111907;48000.000000000;4
20131002;111907;48000.000000000;1
20131002;111907;48000.000000000;5
20131002;111907;48000.000000000;2
20131002;111907;48000.000000000;2
20131002;111907;48000.000000000;2
20131002;111907;48000.000000000;2
20131002;111907;48000.000000000;2
20131002;111907;48000.000000000;2
20131002;111907;48000.000000000;1
20131002;111907;48000.000000000;1
20131002;111907;48000.000000000;1
20131002;111910;48036.000000000;1
20131002;111910;48036.000000000;1
20131002;111910;48047.000000000;1
20131002;111910;48047.000000000;17
20131002;111910;48047.000000000;8
20131002;111910;48053.000000000;1
20131002;111910;48070.000000000;1
20131002;111912;48081.000000000;1
20131002;111912;48082.000000000;2
20131002;111912;48082.000000000;1
20131002;111912;48091.000000000;1
20131002;111912;48091.000000000;1
20131002;111912;48090.000000000;2
20131002;111912;48083.000000000;3
20131002;111913;48097.000000000;2
20131002;111913;48099.000000000;2
20131002;111913;48097.000000000;2
20131002;111916;48090.000000000;3
20131002;111916;48085.000000000;6
20131002;111917;48081.000000000;30
20131002;111917;48075.000000000;35
20131002;111917;48065.000000000;6
20131002;111917;48065.000000000;10
20131002;111917;48059.000000000;4
20131002;111917;48065.000000000;2
20131002;111917;48070.000000000;2
20131002;111918;48062.000000000;5
20131002;111918;48065.000000000;2
20131002;111918;48040.000000000;1
20131002;111918;48040.000000000;2
20131002;111918;48040.000000000;1
20131002;111923;47999.000000000;1
20131002;111923;48000.000000000;1
20131002;111946;47990.000000000;4
20131002;112017;48009.000000000;2
20131002;112017;48010.000000000;4
20131002;112110;48010.000000000;1
20131002;112226;48053.000000000;11
20131002;112227;48025.000000000;2
20131002;112235;48035.000000000;1
20131002;112237;48060.000000000;1
20131002;112237;48061.000000000;4
20131002;112302;48067.000000000;1
20131002;112306;48052.000000000;2
20131002;112308;48055.000000000;2
20131002;112308;48055.000000000;2
20131002;112333;48051.000000000;3
20131002;112341;48044.000000000;1
20131002;112341;48034.000000000;1
20131002;112341;48045.000000000;1
20131002;112342;48025.000000000;1
20131002;112342;48025.000000000;1
20131002;112342;48016.000000000;3
20131002;112352;48009.000000000;2
20131002;112352;48009.000000000;1
20131002;112402;48010.000000000;2
20131002;112402;48010.000000000;5
20131002;112402;48001.000000000;2
20131002;112402;48000.000000000;3
20131002;112407;48009.000000000;2
20131002;112423;48023.000000000;1
20131002;112423;48023.000000000;1
20131002;112424;48030.000000000;2
20131002;112427;48030.000000000;1
20131002;112427;48030.000000000;1
20131002;112427;48030.000000000;1
20131002;112427;48034.000000000;3
20131002;112427;48034.000000000;1
20131002;112427;48034.000000000;2
20131002;112427;48034.000000000;2
20131002;112446;48031.000000000;1
20131002;112454;48030.000000000;2
20131002;112510;48011.000000000;1
20131002;112510;48010.000000000;2
20131002;112510;48010.000000000;10
20131002;112510;48005.000000000;2
20131002;112510;48000.000000000;3
20131002;112624;48051.000000000;2
20131002;112624;48052.000000000;1
20131002;112624;48054.000000000;1
20131002;112628;48021.000000000;2
20131002;112628;48020.000000000;2
20131002;112628;48016.000000000;1
20131002;112655;48047.000000000;2
20131002;112655;48050.000000000;2
20131002;112655;48050.000000000;1
20131002;112657;48001.000000000;1
20131002;112658;48002.000000000;1
20131002;112658;48000.000000000;4
20131002;112714;48000.000000000;5
20131002;112721;48000.000000000;3
20131002;112721;48000.000000000;4
20131002;112721;48000.000000000;1
20131002;112721;48000.000000000;2
20131002;112724;48008.000000000;2
20131002;112724;48009.000000000;1
20131002;112724;48009.000000000;1
20131002;112724;48010.000000000;2
20131002;112724;48010.000000000;5
20131002;112724;48011.000000000;5
20131002;112724;48015.000000000;2
20131002;112724;48017.000000000;2
20131002;112726;48015.000000000;2
20131002;112732;48011.000000000;2
20131002;112732;48010.000000000;2
20131002;112732;48005.000000000;1
20131002;112810;48000.000000000;2
20131002;112810;48000.000000000;6
20131002;112810;48000.000000000;3
20131002;112811;48000.000000000;1
20131002;112811;48000.000000000;1
20131002;112811;48000.000000000;2
20131002;112811;48000.000000000;2
20131002;112812;48000.000000000;1
20131002;112812;48000.000000000;2
20131002;112812;48000.000000000;1
20131002;112812;48000.000000000;4
20131002;112812;48000.000000000;1
20131002;112812;48000.000000000;1
20131002;112814;47991.000000000;2
20131002;112820;47987.000000000;1
20131002;112820;47986.000000000;1
20131002;112820;47981.000000000;2
20131002;112821;47978.000000000;1
20131002;112822;47961.000000000;5
20131002;112826;47980.000000000;2
20131002;112826;47981.000000000;2
20131002;112826;47964.000000000;2
20131002;112830;47956.000000000;1
20131002;112830;47984.000000000;2
20131002;112830;47985.000000000;1
20131002;112833;47980.000000000;1
20131002;112833;47970.000000000;2
20131002;112833;47960.000000000;5
20131002;112833;47973.000000000;2
20131002;112833;47980.000000000;2
20131002;112833;47985.000000000;1
20131002;112833;47980.000000000;1
20131002;112833;47980.000000000;1
20131002;112833;47981.000000000;2
20131002;112838;47980.000000000;1
20131002;112914;47980.000000000;2
20131002;112914;47980.000000000;1
20131002;112946;47978.000000000;2
20131002;112946;47979.000000000;1
20131002;113102;48012.000000000;2
20131002;113102;48010.000000000;2
20131002;113102;48005.000000000;2
20131002;113102;48000.000000000;2
20131002;113102;47990.000000000;2
20131002;113102;47980.000000000;2
20131002;113102;47977.000000000;7
20131002;113102;47976.000000000;5
20131002;113102;47973.000000000;25
20131002;113102;47970.000000000;2
20131002;113102;47945.000000000;2
20131002;113102;47955.000000000;2
20131002;113102;47960.000000000;6
20131002;113102;47960.000000000;2
20131002;113102;47985.000000000;2
20131002;113102;47988.000000000;2
20131002;113102;47988.000000000;2
20131002;113102;47988.000000000;1
20131002;113102;47985.000000000;4
20131002;113102;47985.000000000;12
20131002;113102;47942.000000000;1
20131002;113102;47952.000000000;1
20131002;113102;47952.000000000;4
20131002;113130;47939.000000000;2
20131002;113137;47952.000000000;5
20131002;113138;47953.000000000;5
20131002;113140;47951.000000000;1
20131002;113140;47936.000000000;2
20131002;113140;47935.000000000;2
20131002;113140;47930.000000000;2
20131002;113141;47964.000000000;1
20131002;113155;47951.000000000;5
20131002;113155;47950.000000000;2
20131002;113156;47950.000000000;2
20131002;113156;47950.000000000;1
20131002;113207;47942.000000000;1
20131002;113207;47920.000000000;4
20131002;113207;47939.000000000;1
20131002;113207;47920.000000000;4
20131002;113220;47949.000000000;2
20131002;113220;47950.000000000;1
20131002;113226;47950.000000000;1
20131002;113226;47950.000000000;1
20131002;113301;47959.000000000;1
20131002;113308;47932.000000000;2
20131002;113308;47930.000000000;2
20131002;113359;47920.000000000;5
20131002;113359;47945.000000000;2
20131002;113359;47945.000000000;2
20131002;113432;47946.000000000;2
20131002;113538;47911.000000000;2
20131002;113546;47901.000000000;4
20131002;113614;47911.000000000;8
20131002;113614;47910.000000000;2
20131002;113750;47906.000000000;1
20131002;113750;47911.000000000;1
20131002;113750;47911.000000000;1
20131002;113750;47911.000000000;1
20131002;113803;47909.000000000;1
20131002;113803;47909.000000000;1
20131002;113803;47906.000000000;1
20131002;113806;47900.000000000;1
20131002;113806;47900.000000000;1
20131002;113807;47900.000000000;1
20131002;113807;47900.000000000;1
20131002;113807;47900.000000000;1
20131002;113807;47900.000000000;1
20131002;113807;47900.000000000;10
20131002;113807;47900.000000000;10
20131002;113808;47900.000000000;1
20131002;113808;47900.000000000;1
20131002;113830;47900.000000000;1
20131002;113830;47900.000000000;5
20131002;113830;47900.000000000;3
20131002;113832;47900.000000000;9
20131002;113832;47900.000000000;4
20131002;113832;47910.000000000;3
20131002;113835;47880.000000000;1
20131002;113835;47880.000000000;1
20131002;113849;47890.000000000;1
20131002;113856;47903.000000000;2
20131002;113915;47884.000000000;1
20131002;113915;47882.000000000;1
20131002;113915;47882.000000000;1
20131002;113919;47880.000000000;2
20131002;114000;47892.000000000;1
20131002;114000;47892.000000000;1
20131002;114000;47899.000000000;8
20131002;114001;47899.000000000;10
20131002;114027;47890.000000000;3
20131002;114027;47890.000000000;1
20131002;114027;47890.000000000;1
20131002;114032;47902.000000000;1
20131002;114248;47935.000000000;2
20131002;114248;47935.000000000;2
20131002;114255;47965.000000000;30
20131002;114304;47956.000000000;1
20131002;114304;47956.000000000;1
20131002;114304;47956.000000000;1
20131002;114304;47966.000000000;2
20131002;114309;47966.000000000;16
20131002;114341;47966.000000000;1
20131002;114503;47910.000000000;2
20131002;114504;47895.000000000;1
20131002;114510;47880.000000000;10
20131002;114512;47886.000000000;2
20131002;114512;47887.000000000;1
20131002;114512;47888.000000000;1
20131002;114536;47910.000000000;2
20131002;114536;47912.000000000;1
20131002;114536;47916.000000000;3
20131002;114556;47912.000000000;1
20131002;114556;47912.000000000;1
20131002;114737;47930.000000000;2
20131002;114847;47950.000000000;1
20131002;114912;47950.000000000;1
20131002;114912;47957.000000000;5
20131002;114912;47957.000000000;1
20131002;114912;47957.000000000;1
20131002;114913;47957.000000000;1
20131002;114932;47979.000000000;1
20131002;114932;47979.000000000;1
20131002;114946;47994.000000000;5
20131002;114949;47994.000000000;5
20131002;115000;47990.000000000;1
20131002;115001;47990.000000000;5
20131002;115004;47983.000000000;2
20131002;115004;47993.000000000;2
20131002;115004;47994.000000000;3
20131002;115013;47994.000000000;1
20131002;115014;47994.000000000;6
20131002;115014;47995.000000000;9
20131002;115014;47995.000000000;1
20131002;115045;47983.000000000;2
20131002;115045;47982.000000000;4
20131002;115104;47982.000000000;2
20131002;115104;47982.000000000;1
20131002;115104;47982.000000000;2
20131002;115104;47982.000000000;1
20131002;115353;47983.000000000;2
20131002;115353;47984.000000000;1
20131002;115353;47984.000000000;1
20131002;115353;47984.000000000;1
20131002;115353;47984.000000000;1
20131002;115442;47987.000000000;2
20131002;115550;47999.000000000;2
20131002;115701;47999.000000000;1
20131002;115726;48000.000000000;50
20131002;115822;48000.000000000;7
20131002;115831;48000.000000000;5
20131002;115833;48000.000000000;16
20131002;115838;48000.000000000;20
20131002;115905;47989.000000000;1
20131002;115931;47999.000000000;1
20131002;115931;48000.000000000;2
20131002;115932;48001.000000000;3
20131002;115932;48001.000000000;5
20131002;115933;48001.000000000;1
20131002;115934;48001.000000000;5
20131002;115936;48001.000000000;6
20131002;115936;48001.000000000;1
20131002;115936;48001.000000000;1
20131002;115948;48008.000000000;5
20131002;115950;48008.000000000;5
20131002;120017;47971.000000000;2
20131002;120017;47970.000000000;2
20131002;120017;47970.000000000;2
20131002;120017;47970.000000000;2
20131002;120021;47970.000000000;1
20131002;120021;47970.000000000;1
20131002;120021;47970.000000000;1
20131002;120048;47975.000000000;1
20131002;120051;47966.000000000;1
20131002;120051;47965.000000000;3
20131002;120057;47965.000000000;7
20131002;120133;47950.000000000;1
20131002;120133;47939.000000000;19
20131002;120232;47947.000000000;2
20131002;120232;47950.000000000;2
20131002;120356;47975.000000000;1
20131002;120357;47976.000000000;1
20131002;120357;47976.000000000;5
20131002;120357;47976.000000000;1
20131002;120418;47976.000000000;3
20131002;120418;47976.000000000;1
20131002;120418;47976.000000000;4
20131002;120418;47976.000000000;2
20131002;120418;47976.000000000;1
20131002;120419;47976.000000000;1
20131002;120419;47976.000000000;1
20131002;120430;47990.000000000;1
20131002;120444;47984.000000000;1
20131002;120444;47984.000000000;1
20131002;120444;47993.000000000;1
20131002;120444;47993.000000000;1
20131002;120444;47993.000000000;1
20131002;120444;47993.000000000;1
20131002;120444;47993.000000000;1
20131002;120444;47993.000000000;1
20131002;120444;47993.000000000;1
20131002;120444;48009.000000000;1
20131002;120444;48020.000000000;4
20131002;120444;48020.000000000;1
20131002;120444;48021.000000000;1
20131002;120444;48021.000000000;1
20131002;120444;48020.000000000;1
20131002;120444;48020.000000000;2
20131002;120444;48020.000000000;1
20131002;120444;48020.000000000;1
20131002;120444;48021.000000000;1
20131002;120444;48022.000000000;1
20131002;120445;48022.000000000;1
20131002;120445;48022.000000000;1
20131002;120445;48022.000000000;1
20131002;120445;48021.000000000;1
20131002;120445;48021.000000000;1
20131002;120459;48022.000000000;1
20131002;120511;48027.000000000;2
20131002;120511;48028.000000000;1
20131002;120511;48030.000000000;2
20131002;120512;48030.000000000;2
20131002;120520;48039.000000000;1
20131002;120520;48041.000000000;1
20131002;120520;48041.000000000;1
20131002;120520;48042.000000000;1
20131002;120520;48045.000000000;1
20131002;120559;47991.000000000;2
20131002;120559;48018.000000000;1
20131002;120732;48036.000000000;1
20131002;121322;48022.000000000;1
20131002;121322;48022.000000000;1
20131002;121322;48022.000000000;1
20131002;121322;48022.000000000;1
20131002;121526;48022.000000000;1
20131002;121539;48000.000000000;1
20131002;121540;48000.000000000;1
20131002;121540;48000.000000000;1
20131002;121541;48000.000000000;1
20131002;121939;48001.000000000;2
20131002;121939;48000.000000000;1
20131002;122418;47994.000000000;1
20131002;122447;48005.000000000;1
20131002;122448;48006.000000000;1
20131002;122448;48007.000000000;1
20131002;122448;48007.000000000;1
20131002;122517;47997.000000000;1
20131002;122518;47980.000000000;3
20131002;122533;47980.000000000;4
20131002;122546;47965.000000000;2
20131002;122615;48007.000000000;2
20131002;122622;48023.000000000;2
20131002;122624;48024.000000000;4
20131002;122625;48022.000000000;1
20131002;122625;48022.000000000;1
20131002;122648;48031.000000000;2
20131002;122921;48010.000000000;2
20131002;122936;48005.000000000;1
20131002;122936;48012.000000000;1
20131002;123009;48001.000000000;1
20131002;123009;48001.000000000;1
20131002;123009;48005.000000000;2
20131002;123009;48005.000000000;2
20131002;123101;47989.000000000;1
20131002;123118;47990.000000000;1
20131002;123121;47982.000000000;1
20131002;123121;47975.000000000;1
20131002;123122;47971.000000000;1
20131002;123122;47971.000000000;1
20131002;123123;47971.000000000;1
20131002;123123;47971.000000000;1
20131002;123123;47973.000000000;1
20131002;123136;47971.000000000;1
20131002;123141;47985.000000000;1
20131002;123141;47985.000000000;1
20131002;123221;47994.000000000;1
20131002;123225;48019.000000000;1
20131002;123311;48000.000000000;1
20131002;123312;48004.000000000;1
20131002;123325;48031.000000000;1
20131002;123335;48000.000000000;4
20131002;123335;48000.000000000;1
20131002;123519;47990.000000000;4
20131002;123523;47993.000000000;1
20131002;123523;47993.000000000;5
20131002;123523;47993.000000000;5
20131002;123523;47993.000000000;2
20131002;123524;47993.000000000;5
20131002;123742;48030.000000000;1
20131002;123742;48030.000000000;1
20131002;123819;48021.000000000;1
20131002;123850;48053.000000000;1
20131002;123918;48028.000000000;1
20131002;124054;48006.000000000;1
20131002;124054;48000.000000000;1
20131002;124054;48000.000000000;8
20131002;124413;48037.000000000;1
20131002;124430;48034.000000000;1
20131002;124430;48035.000000000;2
20131002;124430;48037.000000000;2
20131002;124447;48014.000000000;2
20131002;124500;48024.000000000;1
20131002;124720;48038.000000000;1
20131002;124723;48044.000000000;1
20131002;124727;48044.000000000;1
20131002;124727;48045.000000000;1
20131002;124949;48045.000000000;2
20131002;124949;48045.000000000;1
20131002;125001;48054.000000000;1
20131002;125017;48050.000000000;1
20131002;125145;48054.000000000;1
20131002;125146;48050.000000000;1
20131002;125148;48049.000000000;1
20131002;125154;48051.000000000;1
20131002;125154;48052.000000000;1
20131002;125154;48052.000000000;1
20131002;125154;48052.000000000;1
20131002;125154;48053.000000000;1
20131002;125154;48053.000000000;1
20131002;125154;48054.000000000;1
20131002;125154;48068.000000000;1
20131002;125243;48075.000000000;1
20131002;125243;48076.000000000;7
20131002;125245;48076.000000000;3
20131002;125245;48076.000000000;1
20131002;125245;48076.000000000;1
20131002;125245;48076.000000000;1
20131002;125246;48076.000000000;1
20131002;125409;48062.000000000;2
20131002;125409;48061.000000000;1
20131002;125438;48065.000000000;2
20131002;125459;48060.000000000;2
20131002;125500;48060.000000000;7
20131002;125506;48056.000000000;7
20131002;125628;48087.000000000;2
20131002;125628;48088.000000000;2
20131002;125628;48089.000000000;1
20131002;125634;48092.000000000;1
20131002;125634;48093.000000000;1
20131002;125634;48093.000000000;1
20131002;125634;48094.000000000;1
20131002;125634;48094.000000000;1
20131002;125634;48098.000000000;1
20131002;125634;48100.000000000;1
20131002;125634;48100.000000000;2
20131002;125634;48100.000000000;1
20131002;125757;48105.000000000;8
20131002;125826;48085.000000000;2
20131002;125854;48072.000000000;2
20131002;125854;48071.000000000;6
20131002;130022;48067.000000000;1
20131002;130029;48079.000000000;2
20131002;130135;48099.000000000;1
20131002;130332;48101.000000000;1
20131002;130332;48102.000000000;1
20131002;130332;48109.000000000;1
20131002;130332;48109.000000000;1
20131002;130335;48117.000000000;1
20131002;130335;48117.000000000;1
20131002;130335;48118.000000000;1
20131002;130503;48092.000000000;2
20131002;130508;48117.000000000;2
20131002;130508;48118.000000000;4
20131002;130508;48118.000000000;2
20131002;130546;48094.000000000;2
20131002;130624;48117.000000000;2
20131002;130624;48118.000000000;1
20131002;130632;48118.000000000;2
20131002;130654;48093.000000000;2
20131002;130654;48092.000000000;1
20131002;130654;48093.000000000;1
20131002;130654;48093.000000000;1
20131002;130654;48084.000000000;1
20131002;131003;48069.000000000;1
20131002;131003;48068.000000000;1
20131002;131040;48089.000000000;2
20131002;131139;48091.000000000;2
20131002;131214;48091.000000000;1
20131002;131302;48101.000000000;1
20131002;131309;48097.000000000;1
20131002;131309;48096.000000000;1
20131002;131318;48081.000000000;5
20131002;131318;48081.000000000;3
20131002;131411;48060.000000000;2
20131002;131441;48052.000000000;1
20131002;131441;48052.000000000;1
20131002;131553;48075.000000000;2
20131002;131553;48075.000000000;2
20131002;131553;48075.000000000;1
20131002;131917;48106.000000000;2
20131002;131920;48137.000000000;2
20131002;131920;48138.000000000;1
20131002;131922;48145.000000000;1
20131002;131930;48126.000000000;2
20131002;131936;48134.000000000;2
20131002;132047;48146.000000000;2
20131002;132047;48147.000000000;1
20131002;132047;48152.000000000;1
20131002;132047;48160.000000000;1
20131002;132101;48162.000000000;1
20131002;132107;48145.000000000;2
20131002;132115;48130.000000000;2
20131002;132128;48121.000000000;2
20131002;132326;48125.000000000;1
20131002;132326;48125.000000000;1
20131002;132429;48125.000000000;1
20131002;132429;48120.000000000;1
20131002;132856;48088.000000000;1
20131002;132952;48088.000000000;1
20131002;133311;48088.000000000;1
20131002;133358;48078.000000000;1
20131002;133930;48110.000000000;2
20131002;133950;48116.000000000;4
20131002;134231;48135.000000000;1
20131002;134253;48127.000000000;1
20131002;134254;48126.000000000;1
20131002;134308;48117.000000000;1
20131002;134650;48143.000000000;1
20131002;134700;48154.000000000;2
20131002;134701;48141.000000000;1
20131002;134702;48155.000000000;1
20131002;134702;48152.000000000;1
20131002;134702;48145.000000000;1
20131002;134828;48184.000000000;1
20131002;134841;48166.000000000;2
20131002;134848;48176.000000000;1
20131002;134850;48183.000000000;3
20131002;134852;48186.000000000;2
20131002;134910;48186.000000000;1
20131002;134910;48187.000000000;1
20131002;134913;48190.000000000;1
20131002;134913;48190.000000000;2
20131002;134920;48190.000000000;1
20131002;134928;48181.000000000;1
20131002;135029;48186.000000000;1
20131002;135049;48197.000000000;1
20131002;135121;48195.000000000;1
20131002;135122;48208.000000000;2
20131002;135122;48209.000000000;1
20131002;135122;48209.000000000;1
20131002;135132;48198.000000000;1
20131002;135135;48192.000000000;2
20131002;135142;48188.000000000;2
20131002;135213;48183.000000000;10
20131002;135213;48182.000000000;5
20131002;135213;48182.000000000;4
20131002;135216;48182.000000000;1
20131002;135216;48180.000000000;1
20131002;135216;48180.000000000;2
20131002;135216;48180.000000000;2
20131002;135216;48180.000000000;1
20131002;135252;48170.000000000;1
20131002;135357;48130.000000000;1
20131002;135442;48124.000000000;1
20131002;135509;48115.000000000;5
20131002;135510;48115.000000000;5
20131002;135510;48115.000000000;5
20131002;135622;48087.000000000;1
20131002;135623;48077.000000000;1
20131002;135623;48077.000000000;1
20131002;135623;48077.000000000;1
20131002;135624;48074.000000000;1
20131002;135624;48074.000000000;1
20131002;135624;48068.000000000;1
20131002;135624;48068.000000000;1
20131002;135624;48068.000000000;1
20131002;135627;48067.000000000;1
20131002;135632;48079.000000000;2
20131002;135632;48080.000000000;4
20131002;135646;48093.000000000;2
20131002;135647;48081.000000000;1
20131002;135648;48081.000000000;1
20131002;135648;48081.000000000;1
20131002;135648;48075.000000000;1
20131002;135648;48075.000000000;1
20131002;135649;48078.000000000;1
20131002;135720;48039.000000000;18
20131002;135720;48039.000000000;4
20131002;135720;48037.000000000;2
20131002;135720;48037.000000000;2
20131002;135733;48069.000000000;2
20131002;135733;48070.000000000;2
20131002;135733;48070.000000000;1
20131002;135741;48081.000000000;6
20131002;135838;48055.000000000;1
20131002;135943;48060.000000000;1
20131002;135955;48064.000000000;2
20131002;140307;48080.000000000;2
20131002;140307;48080.000000000;2
20131002;140307;48080.000000000;2
20131002;140309;48094.000000000;2
20131002;140310;48071.000000000;2
20131002;140310;48070.000000000;1
20131002;140322;48074.000000000;1
20131002;140336;48074.000000000;1
20131002;140536;48074.000000000;1
20131002;140536;48074.000000000;1
20131002;140536;48074.000000000;1
20131002;140538;48078.000000000;4
20131002;140538;48080.000000000;2
20131002;140538;48080.000000000;2
20131002;140538;48080.000000000;2
20131002;140538;48081.000000000;2
20131002;140707;48111.000000000;2
20131002;140707;48112.000000000;10
20131002;140707;48112.000000000;10
20131002;140747;48149.000000000;10
20131002;140747;48150.000000000;77
20131002;140945;48141.000000000;1
20131002;140945;48149.000000000;1
20131002;140945;48149.000000000;1
20131002;140945;48150.000000000;12
20131002;141051;48126.000000000;2
20131002;142150;48134.000000000;1
20131002;142205;48138.000000000;1
20131002;142209;48149.000000000;1
20131002;142209;48149.000000000;1
20131002;142209;48150.000000000;4
20131002;142209;48150.000000000;5
20131002;142209;48150.000000000;2
20131002;142209;48175.000000000;1
20131002;142222;48176.000000000;1
20131002;142222;48178.000000000;1
20131002;142300;48167.000000000;1
20131002;142303;48172.000000000;1
20131002;142317;48176.000000000;1
20131002;142336;48180.000000000;1
20131002;142344;48193.000000000;1
20131002;142344;48195.000000000;2
20131002;142344;48196.000000000;1
20131002;142344;48196.000000000;1
20131002;142344;48200.000000000;1
20131002;142345;48203.000000000;1
20131002;142345;48197.000000000;1
20131002;142345;48204.000000000;1
20131002;142345;48210.000000000;1
20131002;142345;48211.000000000;1
20131002;142345;48215.000000000;1
20131002;142345;48216.000000000;1
20131002;142345;48218.000000000;1
20131002;142503;48201.000000000;1
20131002;142505;48201.000000000;1
20131002;142610;48220.000000000;2
20131002;142610;48220.000000000;3
20131002;142653;48190.000000000;2
20131002;142653;48190.000000000;1
20131002;142653;48187.000000000;1
20131002;142708;48184.000000000;1
20131002;142708;48181.000000000;4
20131002;142754;48145.000000000;2
20131002;142754;48145.000000000;1
20131002;142754;48145.000000000;1
20131002;142754;48140.000000000;2
20131002;142754;48140.000000000;1
20131002;142754;48120.000000000;1
20131002;142756;48120.000000000;1
20131002;142837;48117.000000000;1
20131002;142837;48139.000000000;1
20131002;142846;48148.000000000;1
20131002;142846;48149.000000000;1
20131002;142846;48180.000000000;2
20131002;142850;48162.000000000;2
20131002;142850;48161.000000000;1
20131002;142905;48151.000000000;2
20131002;143451;48179.000000000;2
20131002;143630;48176.000000000;1
20131002;143630;48153.000000000;2
20131002;143630;48152.000000000;1
20131002;143630;48151.000000000;2
20131002;143822;48151.000000000;5
20131002;143823;48151.000000000;3
20131002;143823;48120.000000000;3
20131002;143907;48093.000000000;1
20131002;143907;48090.000000000;1
20131002;143907;48090.000000000;1
20131002;143921;48082.000000000;1
20131002;143921;48082.000000000;1
20131002;143921;48087.000000000;1
20131002;143921;48081.000000000;1
20131002;143922;48078.000000000;1
20131002;143927;48058.000000000;6
20131002;143927;48057.000000000;1
20131002;143927;48050.000000000;1
20131002;143928;48050.000000000;1
20131002;143928;48050.000000000;1
20131002;143928;48069.000000000;2
20131002;143928;48070.000000000;1
20131002;143928;48044.000000000;2
20131002;143928;48043.000000000;3
20131002;143928;48043.000000000;1
20131002;143928;48044.000000000;1
20131002;143928;48050.000000000;5
20131002;143928;48038.000000000;3
20131002;143928;48030.000000000;1
20131002;143928;48030.000000000;1
20131002;143928;48030.000000000;2
20131002;143928;48050.000000000;3
20131002;143928;48050.000000000;10
20131002;143928;48045.000000000;1
20131002;143930;48024.000000000;2
20131002;143930;48025.000000000;1
20131002;143931;48007.000000000;1
20131002;143934;48015.000000000;2
20131002;143934;48020.000000000;2
20131002;143934;48020.000000000;2
20131002;143957;48011.000000000;1
20131002;143957;48011.000000000;1
20131002;143958;48010.000000000;2
20131002;143958;48010.000000000;4
20131002;143958;48010.000000000;4
20131002;144001;48000.000000000;3
20131002;144054;48003.000000000;1
20131002;144127;48000.000000000;1
20131002;144128;48011.000000000;1
20131002;144130;47973.000000000;1
20131002;144130;47973.000000000;1
20131002;144130;47972.000000000;4
20131002;144130;47972.000000000;1
20131002;144132;47982.000000000;1
20131002;144132;47982.000000000;1
20131002;144132;47982.000000000;1
20131002;144141;48004.000000000;1
20131002;144219;47990.000000000;2
20131002;144219;48009.000000000;1
20131002;144219;48010.000000000;1
20131002;144230;48021.000000000;2
20131002;144232;48012.000000000;2
20131002;144232;48011.000000000;3
20131002;144253;48033.000000000;1
20131002;144329;48033.000000000;1
20131002;144341;48038.000000000;2
20131002;144613;48035.000000000;1
20131002;144709;48034.000000000;1
20131002;144921;48060.000000000;1
20131002;145109;48067.000000000;1
20131002;145109;48054.000000000;1
20131002;145124;48057.000000000;1
20131002;145335;48070.000000000;1
20131002;145335;48070.000000000;4
20131002;145335;48070.000000000;6
20131002;145349;48070.000000000;1
20131002;145428;48076.000000000;1
20131002;145653;48080.000000000;3
20131002;145658;48088.000000000;1
20131002;150002;48084.000000000;2
20131002;150014;48083.000000000;4
20131002;150015;48083.000000000;2
20131002;150015;48083.000000000;2
20131002;150015;48083.000000000;19
20131002;150015;48083.000000000;1
20131002;150015;48090.000000000;2
20131002;150015;48093.000000000;1
20131002;150015;48095.000000000;2
20131002;150015;48083.000000000;1
20131002;150015;48083.000000000;1
20131002;150015;48080.000000000;1
20131002;150015;48079.000000000;2
20131002;150015;48080.000000000;3
20131002;150015;48080.000000000;2
20131002;150015;48080.000000000;1
20131002;150015;48080.000000000;1
20131002;150015;48080.000000000;2
20131002;150133;48047.000000000;1
20131002;150223;48071.000000000;2
20131002;150228;48070.000000000;1
20131002;150305;48104.000000000;3
20131002;150326;48119.000000000;1
20131002;150326;48130.000000000;1
20131002;150336;48130.000000000;1
20131002;150357;48131.000000000;1
20131002;150409;48131.000000000;1
20131002;150412;48122.000000000;2
20131002;150531;48131.000000000;2
20131002;150549;48132.000000000;1
20131002;150602;48139.000000000;1
20131002;150604;48140.000000000;1
20131002;150642;48131.000000000;1
20131002;150655;48131.000000000;1
20131002;150655;48131.000000000;1
20131002;150655;48120.000000000;2
20131002;150724;48114.000000000;1
20131002;150837;48138.000000000;1
20131002;150837;48138.000000000;1
20131002;151029;48136.000000000;1
20131002;151704;48125.000000000;1
20131002;152317;48119.000000000;1
20131002;152330;48096.000000000;1
20131002;152330;48095.000000000;1
20131002;152637;48091.000000000;3
20131002;152700;48097.000000000;1
20131002;152700;48090.000000000;4
20131002;152836;48148.000000000;2
20131002;152855;48150.000000000;1
20131002;152855;48151.000000000;1
20131002;153056;48132.000000000;1
20131002;153134;48137.000000000;1
20131002;153201;48135.000000000;1
20131002;153204;48135.000000000;1
20131002;153214;48135.000000000;1
20131002;153311;48134.000000000;1
20131002;153351;48092.000000000;1
20131002;153357;48107.000000000;1
20131002;153422;48129.000000000;2
20131002;153424;48136.000000000;3
20131002;153519;48160.000000000;4
20131002;153520;48176.000000000;1
20131002;153627;48136.000000000;1
20131002;153721;48138.000000000;1
20131002;153932;48160.000000000;1
20131002;154153;48189.000000000;1
20131002;154509;48200.000000000;1
20131002;154509;48214.000000000;1
20131002;154510;48215.000000000;1
20131002;154510;48222.000000000;1
20131002;154512;48237.000000000;1
20131002;154512;48238.000000000;1
20131002;154512;48239.000000000;1
20131002;154514;48228.000000000;1
20131002;154515;48236.000000000;1
20131002;154515;48242.000000000;3
20131002;154515;48247.000000000;1
20131002;154515;48247.000000000;1
20131002;154516;48248.000000000;3
20131002;154516;48248.000000000;2
20131002;154516;48248.000000000;1
20131002;154516;48249.000000000;1
20131002;154516;48252.000000000;1
20131002;154517;48256.000000000;1
20131002;154517;48259.000000000;1
20131002;154517;48259.000000000;2
20131002;154517;48261.000000000;2
20131002;154517;48274.000000000;1
20131002;154518;48266.000000000;2
20131002;154518;48280.000000000;2
20131002;154518;48251.000000000;2
20131002;154519;48269.000000000;2
20131002;154519;48270.000000000;2
20131002;154537;48250.000000000;2
20131002;154550;48225.000000000;4
20131002;154600;48225.000000000;2
20131002;154617;48230.000000000;5
20131002;154617;48240.000000000;2
20131002;154619;48225.000000000;1
20131002;154620;48225.000000000;2
20131002;154641;48225.000000000;3
20131002;154641;48206.000000000;3
20131002;154641;48186.000000000;1
20131002;154641;48183.000000000;1
20131002;154641;48185.000000000;2
20131002;154642;48156.000000000;1
20131002;154642;48170.000000000;1
20131002;154642;48170.000000000;1
20131002;154642;48180.000000000;3
20131002;154642;48154.000000000;1
20131002;154643;48157.000000000;1
20131002;154722;48159.000000000;1
20131002;154949;48200.000000000;3
20131002;155111;48207.000000000;2
20131002;155111;48200.000000000;3
20131002;155120;48190.000000000;2
20131002;155120;48190.000000000;3
20131002;155123;48139.000000000;1
20131002;155134;48138.000000000;3
20131002;155134;48131.000000000;7
20131002;155134;48131.000000000;3
20131002;155134;48126.000000000;1
20131002;155134;48126.000000000;1
20131002;155134;48124.000000000;1
20131002;155134;48124.000000000;1
20131002;155134;48122.000000000;1
20131002;155134;48112.000000000;7
20131002;155134;48122.000000000;1
20131002;155134;48121.000000000;1
20131002;155134;48121.000000000;1
20131002;155134;48112.000000000;1
20131002;155134;48129.000000000;1
20131002;155134;48130.000000000;2
20131002;155135;48130.000000000;3
20131002;155135;48131.000000000;3
20131002;155245;48131.000000000;2
20131002;155245;48130.000000000;2
20131002;155245;48130.000000000;3
20131002;155245;48121.000000000;1
20131002;155245;48115.000000000;1
20131002;155245;48126.000000000;1
20131002;155245;48111.000000000;1
20131002;155251;48107.000000000;3
20131002;155251;48107.000000000;3
20131002;155301;48105.000000000;1
20131002;155301;48105.000000000;1
20131002;155301;48105.000000000;1
20131002;155301;48105.000000000;1
20131002;155304;48104.000000000;1
20131002;155304;48104.000000000;1
20131002;155304;48104.000000000;1
20131002;155304;48102.000000000;1
20131002;155304;48101.000000000;1
20131002;155304;48094.000000000;1
20131002;155304;48094.000000000;1
20131002;155304;48094.000000000;1
20131002;155304;48090.000000000;2
20131002;155304;48090.000000000;5
20131002;155305;48107.000000000;2
20131002;155305;48108.000000000;1
20131002;155307;48117.000000000;3
20131002;155307;48101.000000000;2
20131002;155307;48100.000000000;1
20131002;155307;48094.000000000;1
20131002;155307;48092.000000000;1
20131002;155309;48119.000000000;1
20131002;155310;48092.000000000;1
20131002;155310;48091.000000000;1
20131002;155310;48090.000000000;3
20131002;155310;48090.000000000;16
20131002;155310;48085.000000000;1
20131002;155310;48085.000000000;2
20131002;155310;48089.000000000;5
20131002;155310;48089.000000000;2
20131002;155310;48076.000000000;1
20131002;155310;48070.000000000;1
20131002;155310;48080.000000000;2
20131002;155310;48079.000000000;2
20131002;155311;48080.000000000;1
20131002;155314;48073.000000000;2
20131002;155314;48072.000000000;1
20131002;155334;48070.000000000;1
20131002;155342;48070.000000000;2
20131002;155342;48055.000000000;1
20131002;155342;48061.000000000;1
20131002;155427;48079.000000000;2
20131002;155427;48080.000000000;3
20131002;155432;48080.000000000;5
20131002;155432;48076.000000000;1
20131002;155432;48066.000000000;1
20131002;155432;48066.000000000;1
20131002;155432;48065.000000000;1
20131002;155432;48066.000000000;1
20131002;155432;48065.000000000;3
20131002;155432;48065.000000000;2
20131002;155432;48065.000000000;1
20131002;155432;48070.000000000;3
20131002;155432;48061.000000000;4
20131002;155432;48051.000000000;1
20131002;155432;48050.000000000;1
20131002;155432;48050.000000000;1
20131002;155432;48047.000000000;1
20131002;155432;48041.000000000;1
20131002;155432;48039.000000000;1
20131002;155432;48039.000000000;1
20131002;155432;48039.000000000;1
20131002;155432;48033.000000000;1
20131002;155432;48033.000000000;1
20131002;155432;48033.000000000;1
20131002;155432;48046.000000000;1
20131002;155433;48038.000000000;2
20131002;155433;48023.000000000;2
20131002;155433;48022.000000000;1
20131002;155433;48019.000000000;2
20131002;155433;48049.000000000;1
20131002;155433;48049.000000000;1
20131002;155433;48050.000000000;5
20131002;155433;48039.000000000;1
20131002;155433;48036.000000000;1
20131002;155433;48035.000000000;2
20131002;155433;48035.000000000;1
20131002;155433;48035.000000000;1
20131002;155433;48030.000000000;1
20131002;155433;48030.000000000;1
20131002;155433;48030.000000000;2
20131002;155433;48030.000000000;1
20131002;155437;48028.000000000;1
20131002;155437;48024.000000000;3
20131002;155437;48021.000000000;1
20131002;155437;48021.000000000;1
20131002;155437;48028.000000000;1
20131002;155437;48030.000000000;1
20131002;155437;48040.000000000;1
20131002;155442;48044.000000000;2
20131002;155442;48045.000000000;1
20131002;155442;48045.000000000;2
20131002;155442;48047.000000000;1
20131002;155443;48045.000000000;2
20131002;155443;48048.000000000;1
20131002;155443;48045.000000000;2
20131002;155443;48048.000000000;2
20131002;155452;48047.000000000;1
20131002;155524;48058.000000000;1
20131002;155532;48058.000000000;1
20131002;155532;48058.000000000;1
20131002;155532;48058.000000000;1
20131002;155537;48063.000000000;1
20131002;155538;48070.000000000;2
20131002;155545;48080.000000000;2
20131002;155545;48098.000000000;1
20131002;155545;48100.000000000;4
20131002;155545;48107.000000000;2
20131002;155545;48107.000000000;1
20131002;155545;48107.000000000;1
20131002;155545;48113.000000000;1
20131002;155545;48114.000000000;1
20131002;155545;48121.000000000;1
20131002;155545;48127.000000000;2
20131002;155545;48128.000000000;1
20131002;155545;48127.000000000;1
20131002;155546;48136.000000000;1
20131002;155546;48135.000000000;1
20131002;155548;48140.000000000;1
20131002;155548;48140.000000000;1
20131002;155548;48148.000000000;1
20131002;155548;48148.000000000;1
20131002;155548;48148.000000000;1
20131002;155549;48151.000000000;1
20131002;155549;48159.000000000;1
20131002;155549;48156.000000000;1
20131002;155550;48160.000000000;1
20131002;155550;48160.000000000;1
20131002;155550;48160.000000000;1
20131002;155550;48164.000000000;1
20131002;155550;48164.000000000;1
20131002;155554;48173.000000000;1
20131002;155554;48178.000000000;1
20131002;155557;48174.000000000;1
20131002;155602;48167.000000000;6
20131002;155603;48182.000000000;2
20131002;155603;48183.000000000;1
20131002;155626;48183.000000000;1
20131002;155712;48156.000000000;1
20131002;155712;48180.000000000;2
20131002;155712;48179.000000000;4
20131002;155712;48189.000000000;1
20131002;155712;48189.000000000;1
20131002;155712;48185.000000000;1
20131002;155712;48190.000000000;1
20131002;155712;48190.000000000;2
20131002;155712;48190.000000000;1
20131002;155712;48181.000000000;2
20131002;155712;48181.000000000;10
20131002;155712;48191.000000000;1
20131002;155712;48180.000000000;3
20131002;155713;48200.000000000;1
20131002;155713;48200.000000000;1
20131002;155713;48201.000000000;1
20131002;155713;48202.000000000;1
20131002;155713;48205.000000000;1
20131002;155713;48210.000000000;2
20131002;155713;48210.000000000;1
20131002;155714;48215.000000000;1
20131002;155714;48212.000000000;1
20131002;155714;48217.000000000;1
20131002;155714;48221.000000000;1
20131002;155714;48212.000000000;1
20131002;155714;48224.000000000;1
20131002;155715;48225.000000000;1
20131002;155715;48224.000000000;1
20131002;155715;48225.000000000;1
20131002;155716;48228.000000000;1
20131002;155722;48228.000000000;1
20131002;155722;48230.000000000;1
20131002;155722;48230.000000000;1
20131002;155722;48230.000000000;1
20131002;155722;48231.000000000;1
20131002;155729;48229.000000000;1
20131002;155729;48234.000000000;1
20131002;155734;48241.000000000;3
20131002;155734;48241.000000000;2
20131002;155742;48229.000000000;2
20131002;155746;48222.000000000;2
20131002;155746;48216.000000000;4
20131002;155750;48228.000000000;1
20131002;155821;48206.000000000;1
20131002;155923;48211.000000000;1
20131002;155923;48225.000000000;1
20131002;155923;48234.000000000;2
20131002;155923;48235.000000000;1
20131002;160004;48193.000000000;1
20131002;160004;48187.000000000;1
20131002;160004;48191.000000000;1
20131002;160004;48186.000000000;1
20131002;160004;48185.000000000;1
20131002;160004;48180.000000000;2
20131002;160013;48170.000000000;1
20131002;160033;48145.000000000;1
20131002;160126;48135.000000000;1
20131002;160126;48141.000000000;4
20131002;160242;48181.000000000;1
20131002;160328;48164.000000000;1
20131002;160501;48147.000000000;2
20131002;160501;48170.000000000;3
20131002;160623;48161.000000000;1
20131002;160638;48170.000000000;1
20131002;160644;48170.000000000;1
20131002;160644;48182.000000000;5
20131002;160835;48222.000000000;2
20131002;160835;48221.000000000;10
20131002;160835;48221.000000000;3
20131002;160845;48221.000000000;3
20131002;161035;48230.000000000;2
20131002;161035;48230.000000000;5
20131002;161035;48230.000000000;5
20131002;161222;48251.000000000;1
20131002;161222;48253.000000000;4
20131002;161223;48254.000000000;1
20131002;161226;48271.000000000;1
20131002;161255;48277.000000000;2
20131002;161255;48303.000000000;2
20131002;161255;48306.000000000;8
20131002;161255;48320.000000000;1
20131002;161256;48313.000000000;1
20131002;161256;48313.000000000;1
20131002;161256;48301.000000000;2
20131002;161256;48301.000000000;1
20131002;161256;48319.000000000;1
20131002;161256;48333.000000000;1
20131002;161257;48313.000000000;1
20131002;161257;48313.000000000;1
20131002;161301;48320.000000000;1
20131002;161355;48367.000000000;2
20131002;161358;48370.000000000;10
20131002;161358;48387.000000000;5
20131002;161358;48390.000000000;3
20131002;161358;48393.000000000;1
20131002;161358;48400.000000000;1
20131002;161402;48382.000000000;2
20131002;161402;48381.000000000;2
20131002;161409;48399.000000000;2
20131002;161409;48400.000000000;3
20131002;161409;48400.000000000;2
20131002;161409;48417.000000000;5
20131002;161409;48444.000000000;3
20131002;161409;48420.000000000;5
20131002;161409;48420.000000000;5
20131002;161409;48444.000000000;1
20131002;161409;48431.000000000;1
20131002;161409;48448.000000000;1
20131002;161409;48448.000000000;1
20131002;161409;48444.000000000;1
20131002;161409;48444.000000000;1
20131002;161409;48450.000000000;1
20131002;161409;48455.000000000;1
20131002;161409;48456.000000000;1
20131002;161409;48444.000000000;4
20131002;161409;48444.000000000;2
20131002;161409;48445.000000000;3
20131002;161409;48443.000000000;2
20131002;161409;48443.000000000;3
20131002;161409;48445.000000000;15
20131002;161409;48443.000000000;5
20131002;161410;48459.000000000;2
20131002;161410;48453.000000000;1
20131002;161410;48453.000000000;1
20131002;161410;48453.000000000;1
20131002;161411;48454.000000000;2
20131002;161411;48453.000000000;1
20131002;161411;48452.000000000;1
20131002;161411;48480.000000000;1
20131002;161411;48480.000000000;1
20131002;161421;48450.000000000;2
20131002;161422;48450.000000000;1
20131002;161425;48481.000000000;2
20131002;161425;48482.000000000;2
20131002;161427;48440.000000000;1
20131002;161427;48440.000000000;1
20131002;161447;48476.000000000;1
20131002;161448;48421.000000000;2
20131002;161448;48439.000000000;2
20131002;161448;48440.000000000;1
20131002;161448;48440.000000000;2
20131002;161448;48430.000000000;2
20131002;161452;48430.000000000;5
20131002;161452;48461.000000000;2
20131002;161452;48460.000000000;3
20131002;161452;48460.000000000;2
20131002;161510;48449.000000000;2
20131002;161510;48450.000000000;5
20131002;161513;48458.000000000;1
20131002;161530;48453.000000000;1
20131002;161530;48450.000000000;2
20131002;161533;48450.000000000;5
20131002;161540;48445.000000000;2
20131002;161540;48445.000000000;8
20131002;161557;48437.000000000;2
20131002;161600;48469.000000000;2
20131002;161614;48465.000000000;4
20131002;161625;48465.000000000;1
20131002;161637;48459.000000000;2
20131002;161637;48450.000000000;4
20131002;161646;48460.000000000;1
20131002;161648;48450.000000000;5
20131002;161648;48450.000000000;10
20131002;161648;48446.000000000;3
20131002;161648;48469.000000000;2
20131002;161648;48480.000000000;2
20131002;161648;48470.000000000;1
20131002;161709;48490.000000000;2
20131002;161725;48470.000000000;2
20131002;161728;48441.000000000;2
20131002;161736;48437.000000000;8
20131002;161736;48435.000000000;2
20131002;161736;48435.000000000;2
20131002;161831;48410.000000000;5
20131002;161831;48402.000000000;5
20131002;161831;48400.000000000;2
20131002;161831;48400.000000000;8
20131002;161831;48404.000000000;1
20131002;161832;48400.000000000;4
20131002;161832;48385.000000000;1
20131002;161832;48380.000000000;5
20131002;161832;48372.000000000;25
20131002;161832;48372.000000000;5
20131002;161832;48370.000000000;5
20131002;161832;48361.000000000;5
20131002;161832;48340.000000000;2
20131002;161832;48370.000000000;5
20131002;161832;48372.000000000;4
20131002;161832;48375.000000000;1
20131002;161832;48375.000000000;4
20131002;161832;48384.000000000;5
20131002;161832;48397.000000000;4
20131002;161832;48407.000000000;3
20131002;161832;48390.000000000;2
20131002;161832;48395.000000000;2
20131002;161832;48400.000000000;1
20131002;161832;48399.000000000;2
20131002;161832;48400.000000000;1
20131002;161832;48406.000000000;14
20131002;161832;48361.000000000;5
20131002;161832;48360.000000000;10
20131002;161832;48350.000000000;2
20131002;161832;48355.000000000;2
20131002;161832;48360.000000000;5
20131002;161832;48365.000000000;2
20131002;161832;48355.000000000;2
20131002;161832;48356.000000000;2
20131002;161832;48355.000000000;2
20131002;161841;48386.000000000;2
20131002;161841;48404.000000000;2
20131002;161841;48407.000000000;2
20131002;161842;48410.000000000;2
20131002;161846;48410.000000000;3
20131002;161915;48410.000000000;1
20131002;161948;48444.000000000;2
20131002;161948;48420.000000000;1
20131002;161949;48406.000000000;6
20131002;162106;48358.000000000;1
20131002;162159;48358.000000000;3
20131002;162450;48400.000000000;1
20131002;162619;48400.000000000;1
20131002;162619;48400.000000000;1
20131002;162619;48400.000000000;1
20131002;162619;48400.000000000;1
20131002;162631;48411.000000000;2
20131002;162632;48411.000000000;2
20131002;162632;48411.000000000;2
20131002;162632;48417.000000000;5
20131002;162632;48417.000000000;10
20131002;162632;48417.000000000;10
20131002;162632;48417.000000000;1
20131002;162632;48417.000000000;1
20131002;162632;48417.000000000;1
20131002;162633;48417.000000000;1
20131002;162643;48422.000000000;8
20131002;162721;48380.000000000;3
20131002;162819;48400.000000000;1
20131002;162901;48411.000000000;2
20131002;162901;48410.000000000;4
20131002;162919;48355.000000000;1
20131002;162924;48350.000000000;5
20131002;162924;48358.000000000;2
20131002;162951;48335.000000000;2
20131002;162951;48340.000000000;2
20131002;162951;48341.000000000;2
20131002;162954;48340.000000000;6
20131002;162954;48340.000000000;5
20131002;163031;48364.000000000;2
20131002;163031;48365.000000000;10
20131002;163031;48366.000000000;23
20131002;163109;48390.000000000;1
20131002;163109;48390.000000000;1
20131002;163109;48390.000000000;1
20131002;163109;48390.000000000;1
20131002;163109;48390.000000000;1
20131002;163110;48407.000000000;6
20131002;163128;48422.000000000;2
20131002;163128;48421.000000000;3
20131002;163236;48360.000000000;5
20131002;163248;48340.000000000;1
20131002;163332;48368.000000000;1
20131002;163352;48332.000000000;1
20131002;163352;48331.000000000;10
20131002;163352;48330.000000000;17
20131002;163352;48330.000000000;1
20131002;163352;48329.000000000;2
20131002;163352;48330.000000000;1
20131002;163352;48330.000000000;5
20131002;163352;48330.000000000;2
20131002;163352;48330.000000000;10
20131002;163352;48330.000000000;1
20131002;163352;48330.000000000;1
20131002;163352;48330.000000000;1
20131002;163435;48332.000000000;1
20131002;163448;48338.000000000;1
20131002;163448;48338.000000000;1
20131002;163536;48341.000000000;2
20131002;163609;48361.000000000;1
20131002;163704;48335.000000000;1
20131002;163714;48351.000000000;2
20131002;163714;48352.000000000;3
20131002;163730;48356.000000000;1
20131002;163752;48407.000000000;6
20131002;163808;48417.000000000;1
20131002;163808;48417.000000000;1
20131002;163825;48367.000000000;1
20131002;163932;48383.000000000;1
20131002;164019;48355.000000000;2
20131002;164019;48354.000000000;3
20131002;164019;48350.000000000;1
20131002;164019;48341.000000000;1
20131002;164137;48379.000000000;2
20131002;164534;48355.000000000;2
20131002;164534;48354.000000000;10
20131002;164534;48352.000000000;30
20131002;164534;48350.000000000;3
20131002;164534;48350.000000000;30
20131002;164534;48350.000000000;10
20131002;164534;48347.000000000;5
20131002;164534;48347.000000000;1
20131002;164535;48314.000000000;1
20131002;164535;48314.000000000;1
20131002;164535;48314.000000000;1
20131002;164535;48314.000000000;1
20131002;164537;48319.000000000;1
20131002;164537;48310.000000000;1
20131002;164537;48310.000000000;1
20131002;164537;48310.000000000;1
20131002;164537;48310.000000000;1
20131002;164537;48310.000000000;1
20131002;164612;48348.000000000;2
20131002;164713;48332.000000000;1
20131002;164802;48333.000000000;1
20131002;164838;48348.000000000;2
20131002;165018;48331.000000000;1
20131002;165021;48328.000000000;1
20131002;165023;48328.000000000;1
20131002;165023;48328.000000000;1
20131002;165029;48328.000000000;1
20131002;165041;48328.000000000;1
20131002;165041;48328.000000000;1
20131002;165041;48311.000000000;1
20131002;165051;48313.000000000;2
20131002;165110;48292.000000000;1
20131002;165111;48292.000000000;2
20131002;165111;48291.000000000;3
20131002;165111;48291.000000000;1
20131002;165111;48291.000000000;1
20131002;165111;48290.000000000;1
20131002;165111;48290.000000000;1
20131002;165132;48287.000000000;1
20131002;165132;48287.000000000;1
20131002;165132;48290.000000000;1
20131002;165203;48325.000000000;1
20131002;165203;48325.000000000;2
20131002;165212;48340.000000000;1
20131002;165212;48340.000000000;2
20131002;165303;48330.000000000;2
20131002;165356;48252.000000000;5
20131002;165407;48250.000000000;1
20131002;165437;48255.000000000;1
20131002;165538;48252.000000000;3
20131002;165600;48271.000000000;2
20131002;165600;48272.000000000;8
20131002;165600;48275.000000000;1
20131002;165600;48285.000000000;2
20131002;165600;48308.000000000;18
20131002;165600;48308.000000000;8
20131002;165600;48285.000000000;1
20131002;165602;48327.000000000;1
20131002;165603;48328.000000000;1
20131002;165603;48328.000000000;1
20131002;165640;48336.000000000;1
20131002;165640;48336.000000000;1
20131002;165640;48336.000000000;1
20131002;165640;48343.000000000;1
20131002;165640;48343.000000000;1
20131002;165640;48343.000000000;1
20131002;165640;48343.000000000;1
20131002;165725;48314.000000000;1
20131002;165725;48315.000000000;1
20131002;165757;48297.000000000;6
20131002;165846;48290.000000000;5
20131002;170009;48274.000000000;1
20131002;170043;48275.000000000;5
20131002;170105;48277.000000000;1
20131002;170105;48274.000000000;1
